0.0000000000000000
0.0000000000000000
0.0000000000000000
0.0000000000000000
0.0000000000000000
0.0000000000000000
0.0000000000000000
0.0000000000000000
0.0000000000000000
0.0000000000000000
0.0000000000000000
0.0000000000000000
0.0000000000000000
0.0000000000000000
0.0000000000000000
0.0000000000000000
0.0000000000000000
0.0000000000000000
0.0000000000000000
0.0000000000000000
0.0000000000000000
0.0000000000000000
0.0000000000000000
0.0000000000000000
0.0000000000000000
0.0000000000000000
0.0000000000000000
0.0000000000000000
0.0000000000000000
0.0000000000000000
0.0000000000000000
0.0000000000000000
0.0000000000000000
0.0000000000000000
0.0000000000000000
0.0000000000000000
0.0000000000000000
0.0000000000000000
0.0000000000000000
0.0000000000000000
0.0000000000000000
0.0000000000000000
0.0000000000000000
0.0000000000000000
0.0000000000000000
0.0000000000000000
0.0000000000000000
0.0000000000000000
0.0000000000000000
0.0000000000000000
0.0000000000000000
0.0000000000000000
0.0000000000000000
0.0000000000000000
0.0000000000000000
0.0000000000000000
0.0000000000000000
0.0000000000000000
0.0000000000000000
0.0000000000000000
0.0000000000000000
0.0000000000000000
0.0000000000000000
0.0000000000000000
0.0000000000000000
0.0000000000000000
0.0000062622153869
0.0000235776305423
0.0000404873948909
0.0000602466086103
0.0001132935025743
0.0002124446100062
0.0003740191533138
0.0005261748261320
0.0006868903801453
0.0008506688145452
0.0010255943013251
0.0012393712409806
0.0014456754898417
0.0014221830676188
0.0013192789182739
0.0012238763376233
0.0012929613936473
0.0014807405971605
0.0019823633577895
0.0022232390467365
0.0021146644537875
0.0018691922750202
0.0017951502055895
0.0020492523735185
0.0024932538736687
0.0027946574348744
0.0030407378148539
0.0033767667722962
0.0056721850502234
0.0074659934548382
0.0085375435324151
0.0089139470153755
0.0073731897828007
0.0037959334472568
0.0032684970622348
0.0027144430755629
0.0024466145485252
0.0022625438444012
0.0022181446494467
0.0022785962471284
0.0022089723168762
0.0018397740606146
0.0014302862895569
0.0012665709468571
0.0013105638903998
0.0013114217344606
0.0014774270810914
0.0016851800010952
0.0023847406687539
0.0020134781397662
0.0018383330408839
0.0016657188660213
0.0014251317748657
0.0007790164421373
0.0006029520822256
0.0004454507048233
0.0003400240995794
0.0002781378745233
0.0002395312017078
0.0002158960814238
0.0001588427661854
0.0000561578149812
0.0000176547508927
0.0000000000000000
0.0000000000000000
0.0000259707736363
0.0001006662722209
0.0001802675100261
0.0002175970066472
0.0003031548980503
0.0009308799374493
0.0015855478428969
0.0021735097705422
0.0028369872036681
0.0032800688857972
0.0038108301827632
0.0052530451685243
0.0065548750525604
0.0059679229060513
0.0051674196522876
0.0046828857539166
0.0045096794447468
0.0061335459841000
0.0089998443383267
0.0093332857285414
0.0089066034812799
0.0074095624850540
0.0052096461584830
0.0083944408901823
0.0108731568168362
0.0109839162085052
0.0113770452136958
0.0139855821441395
0.0258430748462894
0.0308950056914897
0.0331118220259073
0.0388768735106228
0.0380080930937230
0.0179060107459145
0.0116016574034866
0.0103298375196143
0.0099761693168687
0.0088445859083040
0.0081350392389625
0.0093746461595952
0.0099729837240049
0.0077987638554369
0.0043425736351902
0.0048288219697426
0.0059327260643279
0.0050014285258184
0.0046644291355116
0.0082536990292360
0.0132756591829899
0.0094087298356711
0.0060109081118437
0.0067813573440529
0.0077450384748881
0.0038134549559203
0.0020372784996441
0.0016272935788517
0.0013291254317243
0.0010683713823247
0.0008507072518794
0.0009210697134383
0.0008541596931215
0.0003536649571440
0.0000529823881710
0.0000000000000000
0.0000000000000000
0.0000661395439001
0.0002713328138333
0.0005624499736971
0.0007891460651300
0.0017185890527451
0.0028096264623702
0.0033830778497328
0.0044307055666530
0.0055514402355682
0.0065057196114726
0.0079406696591179
0.0101286009217738
0.0116184731105115
0.0124920537325513
0.0133499945176705
0.0144616563819384
0.0169197767420167
0.0194663703270372
0.0213967545203181
0.0227459767257394
0.0228167899777803
0.0226512058345319
0.0223621729632347
0.0234620776976888
0.0239595559236365
0.0252662239355521
0.0284873793655317
0.0337888877410211
0.0489424011633710
0.0594296267897939
0.0655012916824964
0.0663256017861555
0.0603129478564602
0.0496176275454093
0.0388342730141678
0.0302749058538633
0.0270426628701143
0.0259487359496603
0.0263132666651718
0.0255910559122215
0.0248289470985170
0.0244456750561285
0.0248050120739399
0.0254648771954924
0.0248461253633718
0.0228518298595010
0.0208709209288401
0.0211196867033733
0.0211534886840083
0.0209771372720195
0.0185573775932468
0.0161124875859333
0.0140672325060331
0.0120583773864656
0.0094417129076730
0.0076360554146251
0.0058919737793469
0.0046717817645576
0.0035645922744500
0.0021928928168148
0.0016347951695096
0.0010865984753783
0.0002237379572580
0.0000000000000000
0.0000000000000000
0.0001125108105972
0.0005165142684904
0.0011281403763788
0.0025334567758326
0.0044133047542945
0.0046738191721893
0.0049920276567556
0.0079382719508554
0.0099656463912152
0.0103813170976644
0.0113681301075696
0.0170488151661016
0.0200440311142872
0.0213785687130615
0.0235314751042311
0.0302450408956839
0.0370653991226147
0.0392797101041331
0.0409746560552031
0.0429607348200556
0.0439472319382688
0.0447658888891819
0.0463454154595527
0.0435126188979924
0.0430625942983662
0.0431375968395979
0.0463717706062393
0.0639840702122579
0.0937286302294431
0.1043249709505278
0.1092072928928802
0.1087232588082722
0.1028213663625479
0.0922185169062888
0.0806282936247634
0.0603570763493477
0.0439437119502872
0.0518177170659411
0.0578339118248752
0.0506320941156991
0.0455230053100392
0.0482641502501125
0.0600689856746541
0.0622694438906850
0.0610079002306649
0.0540740815561827
0.0408958269829813
0.0362433505761298
0.0352284130981583
0.0363828931871001
0.0367236578235653
0.0309375466264609
0.0235329049666443
0.0222315796210861
0.0214900394087064
0.0182509376824285
0.0121971840122653
0.0102227998094228
0.0088987249620817
0.0052907962735042
0.0026968277656009
0.0016179154719855
0.0003979033333491
0.0000000000000000
0.0000000000000000
0.0001700651343647
0.0008776751118226
0.0020052601341243
0.0041782909767137
0.0053969819372940
0.0063064441544905
0.0093062941424167
0.0135583870160248
0.0148287958634348
0.0162007971526943
0.0219411879086746
0.0289668369500036
0.0311457130377480
0.0340898815545098
0.0395534479096637
0.0452445860751080
0.0492167233054106
0.0538733838717762
0.0605228143105902
0.0660372293228907
0.0707630859012660
0.0740975851907348
0.0855610971933633
0.0900263607795151
0.0939454941397632
0.1004320276243976
0.1165982320812039
0.1356494868596597
0.1494242707463538
0.1626230806500854
0.1735883202907072
0.1709589972296103
0.1621524589268675
0.1464503074275581
0.1328343832218545
0.1234693699870812
0.1086206694233007
0.0948622570324663
0.0913235674519133
0.0874333250337068
0.0857760119983607
0.0869697696785787
0.0899639383200375
0.0900649548984774
0.0872826885165264
0.0835292587850393
0.0712178494629348
0.0583557546257155
0.0542773204533466
0.0493287372205543
0.0458872408525508
0.0428137190061516
0.0368008834659220
0.0317746665619495
0.0290225131311947
0.0264865570062519
0.0198523698342505
0.0138939550491332
0.0116284335573254
0.0089907846714746
0.0046495727181523
0.0021773001522649
0.0005053712312927
0.0000000000000000
0.0000000000000000
0.0001850275456795
0.0007501190217232
0.0025611976142044
0.0061702759494639
0.0076038999632072
0.0084853857354203
0.0127934356772300
0.0192198009953197
0.0210295769850027
0.0239974365420811
0.0343163962781580
0.0409205799563640
0.0437632105675576
0.0509974512893076
0.0600047124235441
0.0607875224913040
0.0613728312912169
0.0725692111264491
0.0858258784759895
0.0936334200379002
0.1013330424752826
0.1180454360515839
0.1492750593860610
0.1496267544709450
0.1486414838392294
0.1872610840414755
0.2126737937555977
0.2162617369550976
0.2202004333955457
0.2472059603962967
0.2653395687852753
0.2572002618078973
0.2405374657112249
0.2176039450449943
0.1901119772711032
0.1940137348825504
0.1952128890071074
0.1577288075690944
0.1299008840589766
0.1297322770895577
0.1332925641948215
0.1336657811647257
0.1324222849542485
0.1256224341845506
0.1197917352068958
0.1163760645770625
0.1085890851416426
0.0890446755627291
0.0759046263521851
0.0648903747982656
0.0566360099910999
0.0538661292384717
0.0510290401669232
0.0439590415930098
0.0377129226057164
0.0344271693823327
0.0284519301133265
0.0199655702860413
0.0160108482556051
0.0127678933657675
0.0059624231105731
0.0022701900156547
0.0006144238661023
0.0000000000000000
0.0000000000000000
0.0002177098628330
0.0006209219985752
0.0038968325700370
0.0093825357202896
0.0105898183741701
0.0117689542325401
0.0190445305277921
0.0264248919092334
0.0287223998157831
0.0328495594670229
0.0433004693007136
0.0540988993462672
0.0599046291198941
0.0680132175108596
0.0754577028067586
0.0817643532397056
0.0958755165892313
0.1101823795871646
0.1187780475074054
0.1291499136123316
0.1408587965628938
0.1564898268706020
0.1736965974536296
0.1874938184271374
0.2079254496857204
0.2308829279395041
0.2405484284673259
0.2518596829706742
0.2719599988280038
0.2911999066563397
0.2983496480637277
0.2986211314179061
0.2910241841627115
0.2816173912424171
0.2618781609312861
0.2370046790299463
0.2221378198323143
0.2069724212661345
0.1875138744132828
0.1747249166893679
0.1706652827433266
0.1678099698289213
0.1619861386116941
0.1509283338720460
0.1421261283424654
0.1336941294694673
0.1230025184282665
0.1089952591763777
0.0949377379631480
0.0843481529761083
0.0741740774644820
0.0642783448423433
0.0581591514638470
0.0524158304078229
0.0462901031488314
0.0412198262541962
0.0338767992611648
0.0264407619657541
0.0214804736883189
0.0184700622182636
0.0092357321842045
0.0024974669632230
0.0008587226160280
0.0000000000000000
0.0000000000000000
0.0003104615358119
0.0011773137970176
0.0056329083920652
0.0116101662421269
0.0139807224077899
0.0177264667330062
0.0279115786622556
0.0320104139577061
0.0346110726558255
0.0427180431274740
0.0562245868176547
0.0676334701530736
0.0750465037187417
0.0846422952784921
0.0948644559523954
0.1105179626794940
0.1366702760754968
0.1492756404322998
0.1572067570996715
0.1685540986615273
0.1810971094958936
0.1929163664990691
0.2088861757261314
0.2378640748087469
0.2638741806793671
0.2675342706465382
0.2711866848467540
0.2924573143443901
0.3226514566588685
0.3399141582771358
0.3452146237720107
0.3471928083020522
0.3473339827643016
0.3490913195559666
0.3437530866424019
0.2988139979288222
0.2510477794419841
0.2476466970907754
0.2457480948307184
0.2241121985966953
0.2081761355448555
0.2056012328355182
0.2027419654533615
0.1844143843430957
0.1582215680317891
0.1520679881520501
0.1472415157481616
0.1323190850171040
0.1096860666008295
0.1010371946057030
0.0945489802949173
0.0790250692428193
0.0644913289523981
0.0587131127063132
0.0547290298604463
0.0489958726511338
0.0416633295701958
0.0335565284955619
0.0262918947261576
0.0213998847602858
0.0135040131981566
0.0059488955346573
0.0011808775114112
0.0000000000000000
0.0000000000000000
0.0004858082881274
0.0018851064326153
0.0066886390978220
0.0137330439614077
0.0184710899654531
0.0240671886664627
0.0322545529860229
0.0388746218149551
0.0494986135545293
0.0610127549556936
0.0696922090890558
0.0818102120023394
0.0926546999527030
0.1079753946593017
0.1266889112219666
0.1469258175000947
0.1657795834162135
0.1808815303821271
0.1931007292271643
0.2069134685690954
0.2212207718762176
0.2334015263038748
0.2513288583850490
0.2743782638435117
0.2877654163328191
0.3010666831238996
0.3303411440060262
0.3628676520314790
0.3864212259117075
0.3948567237556005
0.3949463037750244
0.3950351164926829
0.3994929303997977
0.4033115452454862
0.4002031012018838
0.3934448762785299
0.3512380144389524
0.2966943198349359
0.2815868536001147
0.2627350520488066
0.2490591750837361
0.2409592220143960
0.2351508083800858
0.2302552364371057
0.2073234572543368
0.1808070747582784
0.1725372232264388
0.1647113574214867
0.1460524650280765
0.1259489507965459
0.1162311663348625
0.1072444776709239
0.0867557826896662
0.0683662616138907
0.0627320209860354
0.0551377218197517
0.0470394232033776
0.0393486817830428
0.0302513364143482
0.0226999768338296
0.0146566911138806
0.0095398957732233
0.0019908760832397
0.0000000000000000
0.0000000000000000
0.0007447700771076
0.0028553631127880
0.0086074555354015
0.0165543483466897
0.0226996518418204
0.0306115962827563
0.0402969006215283
0.0514746693178589
0.0647634659105728
0.0757211013192904
0.0850719273214362
0.0917016053866242
0.1042317522452392
0.1341041232662055
0.1601022228051163
0.1881053548023808
0.2087969972917058
0.2159566913366313
0.2235428733009955
0.2497112470775450
0.2697684108637831
0.2759664521631928
0.2848840124640733
0.3060831590896746
0.3192406262726977
0.3339208775066828
0.3723072896867826
0.4498469194678405
0.4780370034892556
0.4616765721049475
0.4383108462003291
0.4415543857971407
0.4495585884438466
0.4666158914019661
0.4777365479790945
0.4823608032833130
0.4736691487560742
0.3834405848896641
0.3097853580064428
0.2929355074742245
0.2838625932946352
0.2777723352698448
0.2740439863880610
0.2719611087277156
0.2635817833939672
0.2223299486951436
0.1952256405773536
0.1916238057854016
0.1866055527292731
0.1623100101277647
0.1401677011254517
0.1278421855773839
0.1098936519423370
0.0846227541337897
0.0717989670748253
0.0619440800711189
0.0532506177500383
0.0448441996473450
0.0332559361949572
0.0239347051305462
0.0158108279695162
0.0096772360276689
0.0022666775990554
0.0000000000000000
0.0000000000000000
0.0011448319402821
0.0041635686745759
0.0106619733779080
0.0189627839134376
0.0260079817106385
0.0352256821754234
0.0450415768870293
0.0572099822360330
0.0692858450227296
0.0814307777832162
0.0934583564688448
0.1012980420858591
0.1466847962495315
0.1963215354545726
0.2130205315953838
0.2369219670097539
0.2530690622871005
0.2673511160200228
0.3004127116795917
0.3268124205282084
0.3394705784731527
0.3520194358314326
0.3874857475085379
0.4097569315043830
0.4237561577273631
0.4431461725535261
0.4995719287865221
0.5480242328234426
0.5519310538617540
0.5555935672799069
0.5543848312207483
0.5514856195750586
0.5492294604639735
0.5461243828072234
0.5446886162261437
0.5412457975141223
0.5242549543871735
0.5123910520531200
0.4543602014907317
0.4139265083762584
0.3907057835368180
0.3546404897650887
0.3368704401648466
0.3145046880561506
0.2922565133345795
0.2748918050418858
0.2473093560384001
0.2178873725676530
0.2032292449878197
0.1847927517844717
0.1611685289510881
0.1414687765127888
0.1204280199015923
0.1008445915624659
0.0846366566963534
0.0706668934840933
0.0599935778437615
0.0512378861033125
0.0376366039498820
0.0255696051613486
0.0162809974032853
0.0088774045467375
0.0020581622384066
0.0000000000000000
0.0000000000000000
0.0015470230142438
0.0073550798690117
0.0138249122185965
0.0207739624649481
0.0287284689442163
0.0381286915551250
0.0496582881378003
0.0617384827265784
0.0753083848557230
0.0898607469899785
0.1047232992806817
0.1199497384891329
0.1908114028030369
0.2520862947915978
0.2704930283098693
0.2834864541829655
0.2973583265157898
0.3396250479490684
0.3910653594367814
0.4034534004908090
0.4130344622424637
0.4442096735920611
0.5139305094242247
0.5195081926618299
0.5154583150546835
0.5631790627492124
0.6334801171640383
0.6410128746256923
0.6415283007079511
0.6530814746181323
0.6730176294978829
0.6669973211442295
0.6524018666651246
0.6272875567978473
0.6135850053297159
0.6082081717860459
0.6043498510411829
0.6002145393746394
0.5828214874461098
0.5491148269325133
0.5241486971926335
0.4590929788333635
0.3980509856650221
0.3601125938203760
0.3205467468661016
0.3144926897364538
0.3055628655726300
0.2613386588423015
0.2238239840168984
0.2019983010948846
0.1785792808175302
0.1555294274708905
0.1346649886695483
0.1135166907017507
0.0970559886180714
0.0809148993401996
0.0660288389559768
0.0538997872397716
0.0420955351503315
0.0309866377520704
0.0167356405583527
0.0064853858426921
0.0016924182350357
0.0000000000000000
0.0000000000000000
0.0025428974576409
0.0113814675414494
0.0158320659895423
0.0221033226005970
0.0310453488153591
0.0411855429010336
0.0581067838814410
0.0738637559007518
0.0984957879900720
0.1197015709878095
0.1403216632373045
0.1659690325370273
0.2288810858190150
0.2985631357491746
0.3224534413452811
0.3476261669321540
0.3783490938430569
0.4104765299514782
0.4322743530973305
0.4593278182536586
0.5066047006993621
0.5514716103165362
0.6148985760618088
0.6544939776160900
0.7006034991166786
0.7376150042097035
0.7521558400089090
0.7434067456433818
0.7421648057482647
0.7454214297209210
0.7536321491633781
0.7511334283924807
0.7332071106186901
0.7013787551131293
0.6815039601413547
0.6675082182216898
0.6625813628281008
0.6590699951973964
0.6401317694761961
0.6090802472095682
0.5857938566871543
0.5603704509466696
0.5126592305625071
0.4850348845591896
0.4315707144850924
0.3614619901233995
0.3411832008928382
0.3132907687407815
0.2679113406052223
0.2327538236588118
0.2043518441973987
0.1734040565011796
0.1492268323356380
0.1240027826716032
0.1062242633172247
0.0901433918241608
0.0719069736551669
0.0553208526876974
0.0437461482088470
0.0346853102678880
0.0181041771393552
0.0057275740005576
0.0018362961684534
0.0000000000000000
0.0000000000000000
0.0031151792468210
0.0131191046285555
0.0178102084987833
0.0239740970149820
0.0334419913959982
0.0439479618789376
0.0659250984321198
0.1007454959115800
0.1278570808718508
0.1503077476215107
0.1777492586892657
0.2078861924815281
0.2787391765486955
0.3384214176490442
0.3723163141018996
0.4251855395199634
0.4657352883052573
0.4678421588669888
0.4700187098067983
0.5213697624639975
0.5966792933523691
0.6780257763209232
0.7571257187761303
0.8151855878793360
0.8766510850640122
0.9067180162765166
0.9107131332579232
0.8573136757275645
0.8234461115200741
0.8368418761908384
0.8513274124808430
0.8468979473025268
0.8327550744824147
0.7858453893925881
0.7276159419458901
0.7202242424868462
0.7211012160400755
0.7181508674564656
0.7037102986034135
0.6787951484942402
0.6647263021435936
0.6471472047818986
0.6156640073784838
0.5933879783908651
0.5597338893428156
0.4529017676455201
0.3815746066208205
0.3494076011272128
0.3045934694358066
0.2623914777815199
0.2350105710184099
0.1995874567962240
0.1649691360396666
0.1340810712028821
0.1159206247133278
0.0977316502773669
0.0772366302723571
0.0589374870395438
0.0449892556087591
0.0330826810219406
0.0207094866383527
0.0100124972854982
0.0020283546862015
0.0000000000000000
0.0000000000000000
0.0031657486445165
0.0137363681908586
0.0189318195356892
0.0259701665155186
0.0365572593299217
0.0474430512680296
0.0783232313226682
0.1205293435167541
0.1383800188920260
0.1620937104054685
0.1939486154184421
0.2274019218985904
0.3111234662010822
0.3862183289169806
0.4552806187590243
0.5103686920768381
0.5394664732680664
0.5622869146379036
0.6276903842094618
0.6900459038492150
0.7326848821458477
0.8012086594811502
0.8452124451018148
0.8896914645479780
0.9317888040890274
0.9642958917272842
0.9751055213116860
0.9723062535670014
0.9598887560137721
0.9487858538605399
0.9397294195258908
0.9236602833475492
0.9095227841786236
0.8999371404051085
0.8750384824255389
0.8363202853903473
0.8234437378578771
0.8127032384150642
0.7956029947617484
0.7591302103482059
0.7424255761998785
0.7211305089861687
0.6858834069684281
0.6434793664157987
0.5990319013622897
0.5595014114842313
0.4856680855328744
0.4276487721631889
0.3633759390167110
0.2956867831586301
0.2655363554220003
0.2340347357359943
0.1924174884192975
0.1471285119833749
0.1255831449535628
0.1033582717366541
0.0814218682442131
0.0626018261351503
0.0456319508367074
0.0311892814556957
0.0212573127175007
0.0157856854955897
0.0032164467623932
0.0000000000000000
0.0000000000000000
0.0027899867635368
0.0117296140001887
0.0193897956942663
0.0292332452636689
0.0404348886011430
0.0525394475342406
0.0881465909294407
0.1274058342708888
0.1494932008748346
0.1739444053133646
0.2094075088093557
0.2495210706003572
0.3449033642500808
0.4892440162943704
0.5462571779002439
0.5827422964124526
0.6226149344022455
0.6915487344882842
0.7824671079941594
0.8183506464993729
0.8536710975081456
0.9112669956381952
0.9441928331919893
0.9613743061729163
0.9841139111728557
1.0360996084610428
1.0599805223415499
1.0787154265921606
1.0843525107519707
1.0612745858837749
1.0366699400735930
1.0063135379702379
0.9778253885676284
1.0017184722340573
1.0248872734035630
0.9739928093825748
0.9027452408855082
0.9022925153977184
0.9006687997349905
0.8558665194063160
0.8191259305581161
0.7933232021314688
0.7565399545632817
0.7080532868772588
0.6586642698994026
0.6212423567404486
0.5791364909554243
0.5236966095530329
0.4208915002656121
0.3345276848407153
0.3004479849489720
0.2679937262471451
0.2278715692303761
0.1765407335687809
0.1316866638068185
0.1055485900384087
0.0854869448336678
0.0664805594742767
0.0463349158048594
0.0289877887679859
0.0211743445243387
0.0147362349700421
0.0035255839519259
0.0000000000000000
0.0000000000000000
0.0025989906121748
0.0096458470504427
0.0194606955240782
0.0324587392101714
0.0436112697253332
0.0571385855435962
0.0990656905050499
0.1405512986362381
0.1815586446691750
0.2145984404399877
0.2729014226418883
0.3327588972061971
0.4364764406439806
0.5519723760828430
0.5753435738147414
0.6160273541665858
0.6810682781444348
0.7563943434466068
0.8214817513539955
0.8685895136811159
0.9378764317139777
0.9942470575887562
1.0244377227063519
1.0471760609288512
1.1055932170858755
1.1390648886608921
1.1443300585906646
1.1429973684579018
1.1340266271003632
1.1188161623307746
1.1035142341108006
1.0958693607164964
1.0908469307725712
1.0817700461740059
1.0704403485355818
1.0575879198129035
1.0080296299173195
0.9547578980604881
0.9334676842941056
0.9080036884008448
0.8783832933286451
0.8425654293460187
0.7974855551216974
0.7554263061726126
0.7089374196367310
0.6557326614807035
0.6087709647164513
0.5605304989967209
0.4550361755203552
0.3588541014865686
0.3215012573626413
0.2887130134821999
0.2521753945623097
0.2322632382652468
0.1650413889044499
0.1101854600272743
0.0936807657203128
0.0757914251333910
0.0494999361465712
0.0269297563985795
0.0208412716978339
0.0133968287596301
0.0034197692471373
0.0000000000000000
0.0000000000000000
0.0024653491670451
0.0096517610256292
0.0194611120046198
0.0323012838594386
0.0468186634274773
0.0637321639089430
0.1124907617753153
0.1821530456147324
0.2213975774263593
0.2530007599294116
0.3339681276548791
0.4414304404223711
0.5171685466735713
0.5705774093424086
0.6011521218622485
0.6432016319076270
0.7163744126495379
0.8225733811416494
0.8851839503097846
0.9462334054224630
1.0191563847713434
1.0689964639796345
1.1053161597502952
1.1523092939579851
1.2128539909599032
1.2312778850880779
1.2320910372465272
1.2142924007360680
1.1894398607995098
1.1710152680452528
1.1524734740999705
1.1746775167370000
1.2013797074483157
1.1613333913104804
1.1300504666712698
1.1238889825599365
1.1025386686462040
1.0132007973746133
0.9680586438665000
0.9557300737599518
0.9440849272668702
0.9022393452736994
0.8251565466170825
0.7907784751847625
0.7655494191770219
0.7100246014074861
0.6353743559183992
0.5847071057792143
0.4884730023313680
0.3859391481850178
0.3376686412380484
0.3008025859378466
0.2760628962357213
0.2535402735873926
0.1917619091454572
0.1299108612379305
0.1025949174064641
0.0784292510690729
0.0543483533602109
0.0313017270996330
0.0216174754221931
0.0127477000004349
0.0033243049789967
0.0000000000000000
0.0000000000000000
0.0024458539917973
0.0099381459717093
0.0197142545641878
0.0318486676353804
0.0545102842217252
0.0792465679428891
0.1362275194834375
0.2111233887452906
0.2394820353851560
0.2726130172554899
0.3741551263028464
0.4833881667699466
0.5392398537325532
0.5874004367845778
0.6539214851892363
0.7094328356764440
0.8019274533771844
0.9082051003062231
0.9423124719334808
0.9972970150720379
1.0530591525877047
1.1078465748410466
1.1554286362107020
1.1971504152613117
1.2382796301038594
1.2722602942911747
1.2970075616784100
1.3088714867563622
1.3193289570967486
1.3254482629332314
1.3323863590791372
1.3216461863654778
1.3119635890019026
1.3026648774069327
1.2908808996960508
1.2809439295990908
1.2539569045457000
1.2158916496656875
1.1442022160159249
1.0579340342554737
1.0373422183592182
1.0222702990417993
0.9497099256617731
0.8484949687580761
0.8244369330645726
0.7957331483428297
0.7102245428732109
0.6424240950444432
0.5620170559495788
0.4800293473235843
0.4002442936239068
0.3174083894191261
0.2940298964075865
0.2654323796548301
0.2017794261225318
0.1445612849368078
0.1108032786125971
0.0806922020123942
0.0580002980999376
0.0371059111099438
0.0244835014469756
0.0130511472732334
0.0035245511773627
0.0000000000000000
0.0000000000000000
0.0024599817637955
0.0095634467105237
0.0204540461817638
0.0343246449408263
0.0614881438286033
0.1036948041285210
0.1579571608295230
0.2169253024927750
0.2550152902218563
0.3115357005259312
0.4131956607933909
0.5097230893089982
0.5704894702847323
0.6330601685217547
0.7045478929774490
0.7640063248238138
0.8660376707010872
0.9515495676666308
0.9885659707502183
1.0325893857332145
1.0856657797681171
1.1591952035703101
1.2080335630282570
1.2328291464187051
1.2651295060999541
1.3276048040253403
1.3699013296440170
1.4035448165893880
1.4419921487116054
1.4721375979086220
1.4959220491428935
1.4661395456758968
1.4221690045492255
1.4261265499846867
1.4339607846801912
1.4351872005954354
1.4260536515509132
1.3908813602631203
1.3080721662125168
1.1757531546270090
1.1258015897313891
1.1117589615643679
1.0685706886496442
0.9337701251971332
0.8898833806482060
0.8577866158300719
0.7601840218724607
0.6732311485835415
0.6386060310848315
0.5895383259046579
0.4537188636191984
0.3454669546293380
0.3138104851835836
0.2793206219429564
0.2151724225586328
0.1551117511357708
0.1195116897992327
0.0859934285221114
0.0642248356880753
0.0442039682792337
0.0283193894693112
0.0164437891134524
0.0037651992726340
0.0000000000000000
0.0000000000000000
0.0026996005146737
0.0094141147917739
0.0247591959952578
0.0433826279345373
0.0789473806730581
0.1336722586798342
0.1678183166146603
0.2158380286732873
0.2768991625234021
0.3589014550982926
0.4327464200422341
0.5267121010773320
0.5969528629171862
0.6656265343012647
0.7299043530450134
0.7887989482089699
0.9004381210645231
0.9980043812001795
1.0616056838536867
1.1085153050346725
1.1793694019859484
1.2498892888693962
1.2785122558386821
1.3033926037481431
1.3848178852199255
1.4323066526478851
1.4472871440194199
1.4746044108461218
1.5006642070248397
1.5242192433953514
1.5389968172791868
1.5455192841995844
1.5452279682867196
1.5376372526224233
1.5284496460630770
1.5106301162410618
1.4888841873353376
1.4571500397967350
1.3809833361767616
1.3031491429929214
1.2503982987235134
1.2107395783319252
1.1365016506685517
1.0380068560445352
0.9812872623146318
0.9377104562369342
0.8163906373287380
0.6849702476917906
0.6553415414786299
0.6265311867885394
0.5064206944198246
0.3860763264481092
0.3447431896246494
0.2957523414481995
0.2278510916322658
0.1653399588329064
0.1286679065574456
0.0914365418348276
0.0686518042700096
0.0499009025779233
0.0318077475252121
0.0232486026757232
0.0048586219694216
0.0000000000000000
0.0000000000000000
0.0031955693743783
0.0129073407378455
0.0302974674002820
0.0549773569847908
0.0905118327826408
0.1367704880086524
0.1749953582395856
0.2170216745184623
0.2875804168253794
0.3647095324170243
0.4483004068002464
0.5482418308518572
0.6203606832309391
0.7037322634713042
0.7624681449093844
0.8123860315316800
0.9370011774989619
1.0734421816807629
1.1333827088438053
1.1838894163603777
1.2570679630455934
1.3091921431823297
1.3423548361636284
1.4099850558582423
1.4890931248344992
1.5040078692266803
1.5098000973739771
1.5354183800305341
1.5580872682844296
1.5732966956415309
1.5892895105788962
1.6223049242366336
1.6478477843022219
1.6394456794515411
1.6174759438453405
1.5869234441898703
1.5546781837459567
1.5221498333012793
1.4575688904650497
1.3933679488124338
1.3518989545914952
1.3063127376045056
1.2406242498973621
1.1477761830633488
1.0481922531897934
0.9864020650308337
0.8632736660591156
0.7162079392261710
0.6762522282590593
0.6305099222438405
0.5563702807805757
0.4642610286010093
0.3743469978869272
0.3079868031234284
0.2428791345435964
0.1807027453007504
0.1414240375528417
0.1039654644493040
0.0723169475198886
0.0484384628461837
0.0322059827333076
0.0203776564215453
0.0047891596331354
0.0000000000000000
0.0000000000000000
0.0036177560840180
0.0150415768229092
0.0323226736526561
0.0579872819705575
0.0910026995511037
0.1347262315447519
0.1783985762027118
0.2208918921591397
0.2984723208568205
0.3629799844198129
0.4613040421698568
0.5742440300698334
0.6455770124452815
0.7412114964634604
0.7907274291924173
0.8367668372700611
0.9835436824250051
1.1245664313082533
1.1672268095230545
1.2158084346729767
1.2923773147279651
1.3591672107914490
1.4237766896921173
1.4824778465891173
1.5154494953760937
1.5451681958444512
1.5755567918369620
1.5969771796960517
1.6134486054294022
1.6324507003789468
1.6623535907379057
1.6836643064511789
1.6886505598455057
1.6870507737277001
1.6707948544244553
1.6410770842103000
1.6050906031327359
1.5713524989077905
1.5142765648748950
1.4465235150530920
1.4042147336302604
1.3520885836614820
1.2853406146984092
1.2263519566769538
1.1212224379120097
1.0253299772744424
0.8952792330393969
0.7519366465845013
0.7021530819649188
0.6363000827343958
0.5693279344106833
0.5035235410794082
0.4008317074418741
0.3170041388322684
0.2546884279463107
0.1934438160299335
0.1514327482851031
0.1176640755873209
0.0762626168741034
0.0452394032562493
0.0309360224872080
0.0179149362965103
0.0045226682474849
0.0000000000000000
0.0000000000000000
0.0038644031072401
0.0157109860238567
0.0336025920238145
0.0584251673317006
0.0900113029741179
0.1259365783771003
0.1828086830756752
0.2512734976848365
0.3195741940005380
0.3775603677330049
0.4618719059791370
0.5523262060915424
0.6576987684028687
0.7666195370326804
0.8188424801715137
0.8794260289646854
1.0275358008280915
1.1578913676333014
1.1993589490845127
1.2360437727255780
1.3197017866431440
1.4368801687202153
1.4938612869332539
1.5250114706042059
1.5548907566844028
1.5929056710636917
1.6352989999496501
1.6452932673924927
1.6513506388503940
1.6877012862506287
1.7277076057411767
1.7358699407854037
1.7338453657717052
1.7356523306686906
1.7300160716972057
1.6994979260259957
1.6376427487799126
1.6002265003460978
1.5669017374162693
1.5086621246122773
1.4544941004399219
1.4007157194399844
1.3269301367350144
1.2641176777217031
1.1681041040051601
1.0696250364331932
0.9380234768508807
0.7944492458540797
0.7375896553425609
0.6702070398384445
0.5834509806949427
0.5179528934941823
0.4166759852831320
0.3250454413333867
0.2733299306323353
0.2142855356336633
0.1582702355492658
0.1174667666230153
0.0778708596311491
0.0468122389410391
0.0299671595687539
0.0162456925902262
0.0040950340797218
0.0000000000000000
0.0000000000000000
0.0038472812942825
0.0156957373398066
0.0339581324610342
0.0588830098964400
0.0925968558245887
0.1202836237685205
0.2018392132013809
0.2917353335315847
0.3344607123558190
0.3885820114861138
0.4649634785332490
0.5241486552756048
0.6633919503483274
0.8020509208207117
0.8622412633560557
0.9435232124355230
1.0648505173540432
1.1847746474472325
1.2324895861166363
1.2654044311291333
1.4001443960791025
1.5043002843696878
1.5290367549879562
1.5649181988845233
1.6273523907209981
1.6726039372114245
1.7101684001485131
1.7394359119480560
1.8062459553085846
1.8343619683140859
1.8362725117741998
1.8263916299644878
1.8121933725580066
1.7908147711797389
1.7775485963948439
1.7678130212735659
1.7146807193582918
1.6258353387945736
1.5943726775545428
1.5476144048231097
1.4945535339675364
1.4448795321456842
1.3627752504716462
1.2869899053763114
1.1943727904174470
1.1016110338975820
0.9765544852994491
0.8445993159890571
0.7831240288009286
0.7466812664728381
0.6488265831142096
0.5708356405132766
0.4778320503411029
0.3489811154929192
0.3062297375152307
0.2603894867241286
0.1750006466695104
0.1096892111652547
0.0788501744173817
0.0510414619197035
0.0287911411554461
0.0131479105705821
0.0035409747929335
0.0000000000000000
0.0000000000000000
0.0037028566777515
0.0148925965121504
0.0340997634261839
0.0613864416377753
0.0964708766885992
0.1500105918281651
0.2260935617619060
0.2998254769855525
0.3488095036167699
0.4067588973105776
0.4753472877240630
0.5368587225897961
0.6608647406780699
0.7821362597010358
0.8868440787728414
1.0076150400247348
1.1031484885203118
1.1930131338475121
1.2603321310174445
1.3483954597040504
1.4486402468769672
1.5060409488517521
1.5542103138200816
1.6286658474446416
1.6981401151856297
1.7335434856910086
1.7787594144387204
1.8336057423121910
1.9125055187419679
1.9401528933819920
1.9385269856306024
1.9133804326315964
1.8721870221232286
1.8391809304226072
1.8226513453869766
1.8107200570621116
1.7732450210132675
1.6826108687993249
1.6259554515246952
1.5769603016307931
1.5275867260744942
1.4759178563258317
1.3848138061936199
1.2885050480909541
1.2117340645153178
1.1328347377101406
1.0179657590016813
0.8974278072828412
0.8172381518751433
0.7512674166045408
0.6837964856689243
0.6162139356818033
0.5519077004578539
0.4597990615593586
0.3292891364977391
0.2603379828356844
0.1839729915067808
0.1182699824995673
0.0805919075291626
0.0471233225412879
0.0280224989855428
0.0123842444769285
0.0032884056649068
0.0000000000000000
0.0000000000000000
0.0032721131789698
0.0108634262349602
0.0330699778471162
0.0719563191831544
0.1120288446804563
0.1917431676914917
0.2324833150113870
0.2979894364055963
0.3516927351793306
0.4167797542717126
0.4879928878910967
0.5528705852751464
0.6699777103156767
0.7602599855301211
0.9058280626107861
1.0520831240997375
1.1144986476345407
1.1908876724800632
1.2930680258651959
1.4049272758587050
1.4659967161686727
1.5051706284761328
1.6218726906935073
1.7082581932960463
1.7336020657419451
1.7723835377956367
1.8423632219654789
1.8989114383899837
1.9477332297611840
1.9750142523195073
1.9748538052971560
1.9675951479845128
1.9377103130099635
1.8931483642828539
1.8694572638824176
1.8422242841433578
1.7977360008700889
1.7455238193833684
1.6795781412870914
1.6173516621997199
1.5667266040148364
1.5115170425378954
1.4071968205425625
1.2851025537469327
1.2168425464764192
1.1458238022758500
1.0403588874598886
0.9456008557487147
0.8472471671919832
0.7467320392708827
0.6896248398813680
0.6226747148303463
0.5597358757299001
0.5214676623915864
0.3729483865513897
0.2502093451636492
0.1913547678996633
0.1267708632414046
0.0846092280317347
0.0469300652638546
0.0294468738911592
0.0129854095685661
0.0035060258425560
0.0000000000000000
0.0000000000000000
0.0032248464072601
0.0124976695912224
0.0296072017696286
0.0538475319825266
0.1147553783356095
0.1965693780259883
0.2336784073033118
0.2822254563923773
0.3517546042619333
0.4202280812128631
0.4997285749965186
0.6072908318937642
0.6995903346607226
0.7649783895136004
0.9139405978721374
1.0584382468373283
1.1165489748431263
1.1790676927157837
1.3077383148129524
1.4407401174137726
1.4971616260489320
1.5617594302282365
1.6582055516210743
1.7183571673783620
1.7646160549922050
1.8181361829470204
1.8920054563990134
1.9452405740049941
1.9863969214601622
2.0075639668418632
2.0104318186911212
2.0079262121837842
1.9871727402594432
1.9403327140729307
1.9023094585027558
1.8696432234089311
1.8330613743156761
1.7840890432802319
1.7158831365194349
1.6447433807668026
1.5993033311196654
1.5476135022337230
1.4265483293491685
1.2965155345412445
1.2211620816139732
1.1370589243999250
1.0563227762319101
0.9744823647960196
0.8689888140519327
0.7646581833283079
0.6983524296326260
0.6313621061079373
0.5699296546153553
0.5082568620048190
0.3901851047619634
0.2844566803110121
0.2025132677567198
0.1345114711241308
0.0916262273766577
0.0551562402486137
0.0331227657756223
0.0164070861442492
0.0039165233215764
0.0000000000000000
0.0000000000000000
0.0033804633963689
0.0131977615295061
0.0297908015062189
0.0496644671362710
0.1121099946374583
0.1936104022182616
0.2290238798024648
0.2614487313640204
0.3544538491269785
0.4319951638456641
0.5479606740296031
0.6781013217040202
0.7209550462649097
0.7770125252288316
0.9225203932637412
1.0545949911081542
1.1108014318993056
1.1558444599698900
1.3210665818620162
1.4792722988489369
1.5270250703896953
1.6046498259123334
1.6713500339191161
1.7218683398556378
1.8059627726971241
1.8728102535115403
1.9243345459213765
1.9741436535746806
2.0099369576160706
2.0304363731226354
2.0356818809857034
2.0372329211393252
2.0272244077391677
2.0046735946540704
1.9651323951091111
1.9071542171908786
1.8665901932186737
1.8182239431903302
1.7473401921803593
1.6627363197565281
1.6177406911856620
1.5707763647901427
1.4455065402645795
1.3134748869737956
1.2294277423761950
1.1299191132948121
1.0628464028439162
0.9872067825558650
0.8797141863312532
0.7790490761777468
0.7081243860850790
0.6414838720243041
0.5770617374152626
0.4989816438954151
0.3944799968675290
0.2949759618556428
0.2072630148433779
0.1377269882542644
0.0952547353163250
0.0613815493663332
0.0364099641037147
0.0206634555286445
0.0045141526644242
0.0000000000000000
0.0000000000000000
0.0035727444195877
0.0147513220593347
0.0310085908679550
0.0520770600163038
0.1110525374425878
0.1880431192523192
0.2235940701529451
0.2593587410231262
0.3612991805401758
0.4877314825302429
0.5786062775077818
0.6741847634285165
0.7407453381456770
0.8270946070850197
0.9361620295366866
1.0347900999681956
1.1036196438724271
1.1668349462096248
1.3000353879296824
1.4419858610097023
1.5390956557850866
1.6292694120630822
1.6944680346430818
1.7609389972669978
1.8340909965767451
1.8881466116449903
1.9487541428637887
1.9980286841861770
2.0291500509281248
2.0455373319633932
2.0522743996851243
2.0578111595385900
2.0557767656421730
2.0384686494468580
2.0046553495423560
1.9495577260172372
1.8913692870762546
1.8307974289936819
1.7692924375371109
1.6927830774150827
1.6309735531026097
1.5694141237477419
1.4579283046819616
1.3337879850314176
1.2416299998138962
1.1406071630961023
1.0704499231437019
0.9989618144588129
0.8867171228663245
0.7787340646140580
0.7161296971319132
0.6533888536283569
0.5913348844065961
0.5249195706596266
0.3996691132475564
0.2935836036269429
0.2102588890121642
0.1390657244214946
0.0981561657613996
0.0662383612186486
0.0379656142748206
0.0186231504267964
0.0043117767178675
0.0000000000000000
0.0000000000000000
0.0042116155232820
0.0202840119923424
0.0350807306079916
0.0597962522008410
0.1111458153331122
0.1771293354645017
0.2148120616744452
0.2579586598138583
0.3699793290802179
0.5172175985650058
0.5832652953604652
0.6570063067704472
0.7588162788841386
0.8692669687571455
0.9382174410086829
1.0229874493724076
1.0999129794066898
1.1744254462822237
1.2922662028655834
1.3946881091188497
1.5396695796809532
1.6592102680123242
1.7209948836339184
1.7902015501488515
1.8438221519740163
1.8942807041524743
1.9652350756182750
2.0131228961276983
2.0387107858837772
2.0550350666074437
2.0696738086988118
2.0715330598227739
2.0644592204211616
2.0483998884690555
2.0183173280833193
1.9804170011395497
1.9141927839517729
1.8330460856727078
1.7769353961107610
1.7229816855012463
1.6474402354239339
1.5615616158912522
1.4676465949334838
1.3525435486475195
1.2570041667639384
1.1550421706980056
1.0770258983573078
1.0079544348894056
0.8898667325256792
0.7763258187667299
0.7232434275686147
0.6648827288097120
0.6059387352576038
0.5708530739065252
0.4387094009704346
0.2959614660312365
0.2200595141749128
0.1368231011771725
0.0973314719172343
0.0740328298949859
0.0372730225904514
0.0123037198525140
0.0038608483552924
0.0000000000000000
0.0000000000000000
0.0038964406270036
0.0169598323681283
0.0374481659107519
0.0666601235685698
0.1112838921610396
0.1638524949184968
0.2055644305478307
0.2481997510617793
0.3633718629864943
0.5034730078254368
0.5820491644292539
0.6709318548620236
0.7617514751829406
0.8631961746463338
0.9363769064117542
1.0133662811815296
1.0990478474107843
1.1759462319202161
1.2873476045746761
1.3826361666380860
1.5414028038569465
1.6833374652582986
1.7317396898348301
1.7845249035194934
1.8538475120012743
1.9194769226001338
1.9823276230757232
2.0216778067241101
2.0431263653447393
2.0569379377542099
2.0645370634375264
2.0702364385418583
2.0694881634386983
2.0478130437545814
2.0228394234820275
1.9946068971994448
1.9244178177014846
1.8311993435204006
1.7783044704167028
1.7156341633456873
1.6504907911980928
1.5797262061475363
1.4791880686962593
1.3723564331161011
1.2716107019949987
1.1696861350759780
1.0803693572634812
0.9825951599087280
0.8855159749865773
0.7904966432258147
0.7305421148966005
0.6720011371398298
0.6134873559992415
0.5556454350682506
0.4797853864928126
0.3978958516135895
0.2266178356770610
0.1216027767175690
0.0909570033780317
0.0652568886146802
0.0357972703430754
0.0146390439779505
0.0038392681498971
0.0000000000000000
0.0000000000000000
0.0033677825490319
0.0146590173100428
0.0375971504967880
0.0706386797217439
0.1132579264483532
0.1587464941543262
0.2011553442108988
0.2414263738513563
0.3504492062720593
0.4726699256707318
0.5682611408491977
0.6777993205162596
0.7525884305122654
0.8455092784236818
0.9276352651254322
1.0055439304068841
1.1048984927434888
1.1837989676505927
1.2935721437276662
1.3734218275798333
1.5425714532282182
1.6921983215635863
1.7265545517717027
1.7631621930544810
1.8975907320206011
1.9737911870169751
1.9936152155036702
2.0224470682557039
2.0389202142731833
2.0501123471149483
2.0544222864478798
2.0585253262351455
2.0642884344620556
2.0344174600437217
2.0090789530006110
1.9895917636125537
1.9190009946668156
1.8169481054144783
1.7722577254104066
1.7024156315709240
1.6457581156600338
1.5872929695527858
1.4860351433884562
1.3938604575465221
1.2852792434677676
1.1935069860864926
1.0780577354199281
0.9462057262157000
0.8850120155574741
0.8042863746930888
0.7380188914959669
0.6769464794785003
0.6151816237068986
0.5430891469868095
0.4822802269894053
0.4414024079641735
0.2412862154098880
0.1065079300850750
0.0859795749780851
0.0600015871448715
0.0358426961151082
0.0168718900240453
0.0043731199836962
0.0000000000000000
0.0000000000000000
0.0025242407693961
0.0099457595580814
0.0377230988602969
0.0820800688243477
0.1179656831129914
0.1583587429756010
0.1991039302027161
0.2434130711681508
0.3341412802371065
0.4359719153277559
0.5484703188181915
0.6632995984768874
0.7292530949304266
0.8089257801720798
0.9227593549609270
1.0237921398769025
1.1179881867934869
1.2038919304976528
1.3026646742848684
1.3993128836294313
1.4992512689354891
1.6202768360934510
1.7221070124715694
1.7859115555811373
1.8960190105403232
1.9651997703319246
1.9903817857769188
2.0111635711312914
2.0237808216979154
2.0332341860920309
2.0366181399092356
2.0346081742857547
2.0240308010781556
2.0165371481811412
1.9927588044767000
1.9155379521342055
1.8572908718269532
1.8087079000434811
1.7612914769036692
1.7057701229057003
1.6376989371841850
1.5564536442333923
1.4744082294147582
1.3949662914857381
1.2783981871732566
1.1591320222574886
1.0662777049703631
0.9682519417137948
0.8876226643733712
0.8069123635215205
0.7393984514310639
0.6773843029025329
0.6191461416625609
0.5609129521720838
0.4822867420505916
0.4059037598549216
0.2243720167500974
0.1149386649495095
0.0846759383580848
0.0554774183734758
0.0366909033038932
0.0209827683617464
0.0049822727492584
0.0000000000000000
0.0000000000000000
0.0025419531188372
0.0060969526528319
0.0394269852188793
0.0984125020042461
0.1190237191300267
0.1581048492879635
0.1973752369597993
0.2442794449907547
0.3276619968492216
0.4137794616962769
0.5284132295181037
0.6424139524444803
0.7022757262408008
0.7519808383467620
0.9162037552653950
1.0672276586678384
1.1309043902301721
1.2154916249926233
1.3020387159419577
1.4045233555894041
1.4883285008441787
1.5500210858103944
1.7067995692694349
1.8235601874296312
1.8855288550535374
1.9427116405847487
1.9687992550029940
1.9881994524530344
2.0000375057395252
2.0087595631725330
2.0110247206156613
2.0092903337424612
2.0016504904436485
1.9930423096654435
1.9544572796871720
1.8759446284817660
1.8448523694544543
1.8013547884277623
1.7525930721846898
1.7061352896911794
1.6266201808113545
1.5323007107984394
1.4652707887630547
1.3896523056829206
1.2672035410568920
1.1435702393565450
1.0637199855759085
0.9817232622635602
0.8916502505247156
0.8046371125000485
0.7336790895515669
0.6712024800424474
0.6164556315582140
0.5842794985025154
0.4404532853843465
0.2940495549563003
0.2129854226144268
0.1294547223363588
0.0896460868717064
0.0534180329674552
0.0376622280349050
0.0247384991852110
0.0056136237040624
0.0000000000000000
0.0000000000000000
0.0027873084338753
0.0149097087551841
0.0417438417035705
0.0770124861565027
0.1163476861810563
0.1590277605974966
0.1938042203366470
0.2322425301673325
0.3234551695457090
0.4253397985791468
0.5090335171628900
0.6035241678602575
0.6801781071584511
0.7375804581388882
0.9100806505970249
1.0749643747292212
1.1273476624333112
1.1926222570066207
1.2898820424635489
1.3866759223957319
1.4781965456254529
1.5481079710999428
1.6857694195456208
1.8008654779348612
1.8720929592778675
1.9164024361964420
1.9294917376534846
1.9495326456291422
1.9670694074900461
1.9772095114028250
1.9802288094994449
1.9776586565770999
1.9677846036636746
1.9485929187607325
1.9070596393544874
1.8654825517472036
1.8315375887529011
1.7786867376032651
1.7360782154985592
1.6970465922741207
1.6169798610093857
1.5259439538297481
1.4559606484910834
1.3764942435393730
1.2549096323582114
1.1281318817602661
1.0604941202034694
0.9955869237119453
0.8917507555626226
0.7956435750822380
0.7222812158859376
0.6510772298980766
0.6004290773824962
0.5641130404292896
0.4030200875156924
0.2517062919602401
0.1997178729592292
0.1435435063980112
0.0969928850602333
0.0593575571381843
0.0381821486505334
0.0230132258617126
0.0054110853886212
0.0000000000000000
0.0000000000000000
0.0048936545395963
0.0268811131538791
0.0411863773024687
0.0637144184234122
0.1076146021544558
0.1579362005127677
0.1908934858215218
0.2196690985978011
0.3142385940765640
0.4320741164306257
0.4919814991393058
0.5695791870196047
0.6646428713192231
0.7352940434301147
0.9040956709114540
1.0651325238450302
1.1092118205269430
1.1577210070244561
1.2546623774893744
1.3251830405939089
1.4514361164464904
1.5520988312602788
1.6374352732283051
1.7280649314152987
1.8130103773340938
1.8845537179843317
1.8977881521335553
1.9154704546244570
1.9324864762726226
1.9426831771700841
1.9450358953321960
1.9415771019579739
1.9294393745580096
1.9098743303464392
1.8790659331559976
1.8483355292884156
1.8010403981506853
1.7422017412781783
1.7135770643590156
1.6805183605343426
1.6019073050104724
1.5177792866083402
1.4425622167189147
1.3558101828742828
1.2390754498653644
1.1101796091046281
1.0494222921826148
1.0032585893269428
0.8731414898226824
0.7597897170530725
0.6864974551582316
0.6065400185350157
0.5603576964704279
0.5223428006215024
0.3830032728565902
0.2448099802319216
0.2033782812703521
0.1521986160278291
0.1009602776688705
0.0675536197882393
0.0364803473507197
0.0177026079882846
0.0045507525102936
0.0000000000000000
0.0000000000000000
0.0048511480001909
0.0222314697033461
0.0404283925727480
0.0632404171804845
0.1005953653424879
0.1473472010895751
0.1884816926005247
0.2370413691748635
0.2956769017127277
0.3704899542180709
0.4787522647275996
0.5610552428892721
0.6623726912073958
0.7655576532572756
0.8893133042464483
1.0204196367540304
1.0808903683962290
1.1383681608551808
1.2150251844377624
1.2880638986338404
1.3992310508110939
1.4972525178391249
1.5467115645391061
1.6049080975508108
1.7197686865338366
1.8261112818300329
1.8569892289984193
1.8765372472979875
1.8932427932167881
1.9042283899945500
1.9073458176736326
1.9006033691821431
1.8859877725514695
1.8667681806408274
1.8385258017374293
1.8044548905534203
1.7576433382095733
1.7155999292781230
1.6858308641480895
1.6504326005515662
1.5753820273082846
1.5051728784614802
1.4280257914898478
1.3436329024968836
1.2259765585525366
1.0970515212736200
1.0341647062963748
0.9577418606801096
0.8296527758903682
0.7276350883423763
0.6495836958425211
0.5708143416771393
0.5176408939180728
0.4514587586942368
0.3677011876307588
0.2916563315352976
0.2090413249924548
0.1546064439841003
0.1022098772125399
0.0579595380652640
0.0324999074607690
0.0142566125838272
0.0036539758060081
0.0000000000000000
0.0000000000000000
0.0043331580580934
0.0154708663183314
0.0366571576708126
0.0639757548355846
0.0939190004115319
0.1301605563238948
0.1828673408458881
0.2510325509264578
0.2888376745219666
0.3247902958352670
0.4521168891569062
0.5575173175666004
0.6690266425333427
0.7932613165650695
0.8702346483410685
0.9711508496985394
1.0389093824484630
1.1163286091664326
1.1951256051119341
1.2748157376586935
1.3801652151120989
1.4777596648898912
1.5239419373432090
1.5713831529560405
1.6775330132382342
1.7678875801264271
1.8038522940825779
1.8249353844132996
1.8405629369624346
1.8570773025857377
1.8650317711883850
1.8625814994797427
1.8509058596611063
1.8341574859745700
1.8081086048333648
1.7733275642921271
1.7270106832243890
1.6836936249776886
1.6411973989377242
1.6016174987703335
1.5276828089685672
1.4654983049865189
1.3798062801924371
1.3055939198910391
1.1894121462278002
1.0559442196802109
0.9796400013198293
0.8797402433727770
0.7996428251073501
0.7058647572924160
0.6249329067119044
0.5442670966675008
0.4848921032007881
0.4184287517797894
0.3594764098239657
0.3203291079251586
0.2198271750029951
0.1555215873987596
0.1012887521480640
0.0490982557866461
0.0317319609010007
0.0132321660916567
0.0034775321950863
0.0000000000000000
0.0000000000000000
0.0037169475167122
0.0148090519679173
0.0338083594252612
0.0595362850868065
0.0871347264370776
0.1169620289992232
0.1731694614512964
0.2387660075870808
0.2813979201559199
0.3205723485919003
0.4420222999472863
0.5780597097686772
0.6571544219631691
0.7512844615868578
0.8369108799799813
0.9237393683713918
0.9872537062576363
1.0595931929802724
1.1803078510423120
1.2749479526013596
1.3557826220353777
1.4420302068729338
1.4942086195541451
1.5392459986012712
1.6293328281072954
1.7164234848103908
1.7633132582808833
1.7680819878856817
1.7679848942858918
1.7972849453487754
1.8376687249998824
1.8238483451668233
1.8072384420785346
1.8010215442300732
1.7840968696491839
1.7362814677423399
1.6864674606842105
1.6313266735323615
1.5867521503290540
1.5464755508953765
1.4655721114016720
1.3678799877451615
1.2971027236381516
1.2530970853187204
1.1393935718281940
1.0106347953776418
0.9318499400477296
0.8412008417843672
0.7674281323150531
0.6842194691443992
0.6018979755461025
0.5170120029798110
0.4593615181126852
0.4048633694098077
0.3483967945791571
0.2856234160269688
0.2082457460846805
0.1546786519843834
0.1053101306656687
0.0610874096792701
0.0329834874482973
0.0137423489173471
0.0034927395114312
0.0000000000000000
0.0000000000000000
0.0033234791367709
0.0144419662147043
0.0329733309497334
0.0586061947561046
0.0859552450771992
0.1112180662286990
0.1653290121747309
0.2183915096718733
0.2711133185977576
0.3218166593520553
0.4304713710503813
0.5765759502785502
0.6428000871464454
0.7279783936832018
0.8125611222853845
0.8907945688779180
0.9484460058334447
0.9886074047528214
1.1258631221899229
1.2650865165544694
1.3233906967531792
1.3925015210484539
1.4415543738682337
1.4844950064661599
1.5608866598384643
1.6174513926721028
1.6624624916860005
1.6880045480325494
1.6949072971467889
1.7023870943356236
1.7239725583399013
1.7129322094799433
1.7085707037303506
1.7076097195425368
1.6919670345988644
1.6439843974714485
1.6152918209919807
1.5750289585943757
1.5408123219682881
1.4983787661563321
1.4049437527664164
1.3116734124856551
1.2588899499320636
1.2176412824440526
1.0881854128752044
0.9677091303148651
0.8936467041411107
0.8105319843892989
0.7417629093219109
0.6633872243337409
0.5760112972773737
0.4864442599645987
0.4299201519680394
0.3840764254881152
0.3168604603613573
0.2467497658038448
0.2026072042717502
0.1533063227967896
0.1070459699392959
0.0720477114068631
0.0365516543714151
0.0149663629786433
0.0036644608875402
0.0000000000000000
0.0000000000000000
0.0026620203003903
0.0112957930717487
0.0325409813856864
0.0639101324789224
0.0878220877590492
0.1138349307146812
0.1607147854346483
0.2121854300360116
0.2639259735075449
0.3167374425537690
0.3986809313690365
0.5137214652506389
0.6269172151794268
0.7180383981528288
0.7887071159440024
0.8594286409786533
0.9144580482018213
0.9560045288438960
1.0428690890008872
1.1794576010367386
1.2967278606987722
1.3561786729524601
1.3809032753719257
1.4154748331434948
1.4982153105939853
1.5283688799262012
1.5433929329464353
1.5926206526482471
1.6159079523142130
1.6068018399856767
1.5785185145514093
1.5871075057035542
1.5941437579367193
1.5997997427421748
1.6055382835638146
1.5511523492233035
1.5315247454920695
1.5289225955006578
1.5138151611002735
1.4283748868428494
1.3283541301451876
1.2644484178517366
1.2118579728342902
1.1343811694532839
1.0076183070480185
0.9246391794641524
0.8524698517360397
0.7861449719227456
0.7195991766361327
0.6510864302078154
0.5593156999764096
0.4505694751064889
0.3987550558064229
0.3432798939445782
0.2889897040801672
0.2427227090206283
0.1954345904630083
0.1517969997157806
0.1075030285784765
0.0737732099265480
0.0378009179693614
0.0153112907271359
0.0037192314893579
0.0000000000000000
0.0000000000000000
0.0019283821520082
0.0058121675673741
0.0306086390871968
0.0742011978592247
0.0895657838392596
0.1165159137031039
0.1588788105013179
0.2102369222012136
0.2621635270083238
0.3144412876981462
0.3821102248890569
0.4363428335923032
0.5725482563147920
0.6977500223988797
0.7525770707940656
0.8090351270688398
0.8614770270036306
0.9151727817416494
0.9865622592039353
1.0469989086166485
1.1932114669536495
1.3039789426754436
1.3220959012217983
1.3433555956944425
1.4036935581515015
1.4551773582986423
1.4792239511919321
1.5115283280487322
1.5309569259524181
1.5343447388686671
1.5300239841246892
1.5267106791561493
1.5253769852504333
1.5253671259215902
1.5160322344904165
1.4891434832668555
1.4708720872513474
1.4613457188077308
1.3897058497885930
1.2911261187137968
1.2531965784383234
1.1977862308818004
1.1251802824687414
1.0407062961833218
0.9626836674172932
0.8873529005441585
0.8072432314185117
0.7482959720682598
0.6746647669298237
0.6201594850173022
0.5130834388050035
0.3987430869766435
0.3651146781698805
0.3133288179003265
0.2750345275919600
0.2398364959650278
0.1853542163608665
0.1449413380475729
0.0997372414780759
0.0690385685262172
0.0343344363164921
0.0141595585921474
0.0034127678972337
0.0000000000000000
0.0000000000000000
0.0016147409002200
0.0058517475221431
0.0275146522445725
0.0683691679841182
0.0870796387021769
0.1121027018501527
0.1563404245715191
0.2075950344709582
0.2612563387229938
0.3227751373378202
0.3634581100417374
0.4025137322763140
0.5305114344126198
0.6596852070075453
0.7126733607063573
0.7627871446996453
0.8054387804932938
0.8523837227394385
0.9157038540913828
0.9665518137971090
1.0744548699199576
1.2201600720778238
1.2663491333691257
1.2719610514923716
1.2809162348764387
1.3495197572533100
1.3949217179650450
1.4343470029419971
1.4649089490813587
1.4638682865638803
1.4561143984171185
1.4592471443614528
1.4587729053125063
1.4348568996843865
1.3994288446352345
1.4211188475404049
1.4358909629371235
1.3311099903634551
1.2252736151015617
1.2056360491951428
1.1821041818794007
1.1112501234468222
1.0436572029763933
0.9786059723016964
0.9038637621358760
0.8185506351184038
0.7449376836013039
0.6832685583093489
0.6134041532831909
0.5559194010338375
0.4618619236492050
0.3807367382461158
0.3406258987084796
0.2980102064688051
0.2601058988997886
0.2205669412687354
0.1695294365265844
0.1304034446539253
0.0879509030416717
0.0523997484267161
0.0280811065117988
0.0114044518015307
0.0029680316266924
0.0000000000000000
0.0000000000000000
0.0017752450396549
0.0071217261531288
0.0234031827205252
0.0510349363910588
0.0718328813479271
0.0934952552262567
0.1395579371848817
0.1913098522654248
0.2536053301797118
0.3311102528041592
0.3512350897115265
0.3814760660197686
0.5013794932364427
0.6288144468028198
0.6799345079117451
0.7295630495687784
0.7679391916503736
0.8082059465367305
0.8669851422121283
0.9141060153317897
0.9966831539537675
1.0703028602788460
1.1260425422484002
1.1710184371098704
1.2044039838585585
1.2508162028966534
1.2944730651096523
1.3309625048990936
1.3643313214569019
1.3818812537630007
1.3851949297964818
1.3849066337746623
1.3799791476111323
1.3682250817809061
1.3579699752986039
1.3504086752981497
1.3068689327324066
1.2049463722999105
1.1852582692485603
1.1573201547549503
1.1135173347690848
1.0527833477228965
1.0047394110419883
0.9420258109462503
0.8588476810770972
0.7744914920554770
0.7106691791978222
0.6496166380331470
0.5825737287753063
0.5274603648080359
0.4422102230384043
0.3691967859307909
0.3204420071547455
0.2790272108414706
0.2312721926233319
0.1878351654797547
0.1475673506280331
0.1133549136384497
0.0765289287478678
0.0443623119865400
0.0268033921929101
0.0111282175668005
0.0030562278000083
0.0000000000000000
0.0000000000000000
0.0019538850427276
0.0082284539567538
0.0174966470939505
0.0327139938190569
0.0598172299122522
0.0840799871235496
0.1198437968502181
0.1654216324532637
0.2381630727995060
0.3180655385704928
0.3342032526424318
0.3549951001111729
0.4767247138739976
0.5968493025445147
0.6473842163987710
0.6939894346118576
0.7230461085425899
0.7608042158114303
0.8343458362319801
0.8688110325038553
0.8903012734888838
0.9345957069444980
0.9916423300522365
1.0520141349797061
1.0958619324775289
1.1441529089201465
1.1994833796473852
1.2340237501619555
1.2702850452731065
1.2989269891954478
1.3105533803372220
1.3084828295247513
1.3024679279484959
1.3039787488927441
1.2987629642327769
1.2715213573419439
1.1805412334764702
1.1326887290312107
1.1178746579987262
1.0971497450053276
1.0535564541342193
1.0210791165516411
0.9810418988471586
0.8996421361116719
0.8136242228207152
0.7380515531873035
0.6770838829676817
0.6016699030494481
0.5404642101106382
0.4910628314305386
0.4132667744988888
0.3471070970848938
0.2974509548715433
0.2543408936756002
0.2057966408712911
0.1554946345449943
0.1240218543256383
0.0947025529954035
0.0667379471681446
0.0429621211921793
0.0266829392638643
0.0138272794341778
0.0032904385342002
0.0000000000000000
0.0000000000000000
0.0018826911320216
0.0083421802800025
0.0153977038095314
0.0233715371385100
0.0463268981669924
0.0743571698784193
0.1049676049635344
0.1420280194442324
0.2141482933946521
0.2996137866638296
0.3145120024045130
0.3278513116528583
0.4154409802675795
0.5132447429080164
0.5644505463170999
0.6345931493951058
0.6633593867518303
0.6883296604936869
0.7612575103614380
0.8287777595398504
0.8502296194587093
0.8857533043298145
0.9366359556616931
0.9946329394825453
1.0383699799791961
1.0729230808080554
1.1093009316889006
1.1333388465870635
1.1627617798100498
1.1903242772815221
1.2093836741148729
1.2300159904198793
1.2366056054988641
1.2332696421682348
1.2052427138570307
1.1685328501119627
1.1139205247427004
1.0707921506464215
1.0515175527504317
1.0287662796213792
0.9780880386741381
0.9472734116288403
0.8610969224795585
0.7532152370087443
0.7110452215272079
0.6565602921933192
0.6030625140680079
0.5350929795987547
0.4988237253128158
0.4558704451453442
0.3820599995953795
0.3179109171898514
0.2648740760141381
0.2252870424061644
0.1821533154179014
0.1380565126954188
0.1153218082971533
0.0883735669980277
0.0640382748233347
0.0426848929950094
0.0264583592996989
0.0160434553270931
0.0034961315183460
0.0000000000000000
0.0000000000000000
0.0016024274675865
0.0063850596567236
0.0133845840172855
0.0217254376625139
0.0365129158372098
0.0550505617590510
0.0899156417990551
0.1262479589120331
0.1802994596425636
0.2664948055201160
0.2987888758061701
0.3155814357398071
0.3377917323215198
0.3865186630772324
0.4813164582093505
0.5647668086322333
0.6063910503227654
0.6318419333419412
0.6749439116463076
0.7576522246892486
0.7978415392008593
0.8314067887726454
0.8690986171481543
0.9265141418224726
0.9972931712489981
1.0164543251042537
1.0248190988877404
1.0322563801013205
1.0418991714105059
1.0737498656337159
1.1024367634977967
1.1453812410279542
1.1874265520569665
1.1694664491017854
1.1209465549045761
1.0576585081203811
0.9959380151235772
1.0025488021114390
1.0054155282976456
0.9474450976370590
0.8758270591697034
0.8370010366259447
0.7327780747322207
0.6370000367820046
0.6062985525692803
0.5821738339297684
0.5438983725285742
0.4879062863130048
0.4569775852537498
0.4247304898649364
0.3552493795287489
0.2670841916392644
0.2263751220656882
0.1935660096715401
0.1613071726411955
0.1344274251804539
0.1098492466478295
0.0857595289116584
0.0619931773247770
0.0414125433082342
0.0256321699105639
0.0132355771399274
0.0030725342265799
0.0000000000000000
0.0000000000000000
0.0015566230699504
0.0056472916452665
0.0126899905634431
0.0215282869470154
0.0343271925459871
0.0482409046372401
0.0809380526426041
0.1161930386883706
0.1601880171430791
0.2036641793021270
0.2526056817175745
0.3006907049592243
0.3209791300798274
0.3496677631982539
0.4267045504759502
0.4966978745373490
0.5405876936870173
0.5833234555142746
0.6327608366792791
0.6939695027538715
0.7367135651268056
0.7744307796504100
0.8041374778686077
0.8244108937831376
0.8740870722019261
0.9039535395584336
0.9219930941328848
0.9561276506005941
0.9813024336060878
1.0073206707786118
1.0232974200789631
1.0277429171949501
1.0121196258141631
0.9737135751008855
0.9322354552364372
0.8824147202655324
0.8560908990672942
0.8406148645160777
0.8232332998236428
0.7883790939563508
0.7694503816958008
0.7410614241728948
0.6624056122031328
0.5752430442217015
0.5492700594641020
0.5277049624806817
0.4862094582990349
0.4360735791144659
0.4024403824649282
0.3738810702024525
0.2993011760049094
0.2287755298738471
0.2074315806794443
0.1779691919331894
0.1499985994101220
0.1303625811799555
0.1022945127633130
0.0814309329211433
0.0565141210778204
0.0367546627248740
0.0216415504558171
0.0087880542042483
0.0027052749720438
0.0000000000000000
0.0000000000000000
0.0015509341417465
0.0065384170014528
0.0125563705382231
0.0202661293212699
0.0326545961475889
0.0473845609149715
0.0747482278220945
0.1076101816455834
0.1345731748371081
0.1672736712226626
0.2104197732282527
0.2647824184997036
0.2947039904226635
0.3206840678325411
0.3825926003879647
0.4425684173054770
0.4778229771041461
0.5207978511356536
0.5704119903295864
0.6286567533009455
0.6872584918985661
0.7201833402255603
0.7376861124830627
0.7472956172617093
0.7618594210638586
0.7830720016679128
0.7984209734145785
0.8541618903436710
0.9297607572380837
0.9485659650879436
0.9496232600861123
0.9253894894600047
0.8455213196594283
0.7895027855434691
0.7513400276007919
0.7158725651086020
0.6950772090923314
0.6740029645142049
0.6504075636761257
0.6578671809794063
0.6618222906068829
0.6516746921132470
0.5984327299327905
0.5081182270426132
0.4850905281934096
0.4712127530653346
0.4400108946861069
0.3936238649510934
0.3602978292154691
0.2941189402747907
0.2437415119052933
0.2184139418017420
0.1944177566561127
0.1593740914927138
0.1347437411079629
0.1142125563543537
0.0912422712875503
0.0763317132673691
0.0513299477227922
0.0293313138241231
0.0188649866807758
0.0101981118506300
0.0025223558624833
0.0000000000000000
0.0000000000000000
0.0016408409276105
0.0085013591374556
0.0120082093520131
0.0185212115502099
0.0304971524417599
0.0465590941218087
0.0697621753682831
0.1015031838459997
0.1235385221206432
0.1538732951110165
0.1956574508054712
0.2404495459432223
0.2710206370458332
0.2949571060784648
0.3463374143434103
0.4054218267962749
0.4391783683661673
0.4798928528435113
0.5260028386134674
0.5637006492209401
0.6134319316431677
0.6451046463270805
0.6580248892101893
0.6686201017441318
0.6882884398626851
0.7081367138373671
0.7190824594450790
0.7282148458050347
0.7569453068996811
0.7703756392097008
0.7692434288057788
0.7531511771119727
0.7222085668626604
0.6831437814923590
0.6597170880831967
0.6335646958432242
0.6170649529142752
0.6024945428398634
0.5914766884737428
0.5869880303237753
0.5730438186324691
0.5612556554596403
0.4817428944854234
0.4142758956496398
0.4001114379005387
0.3881120675547496
0.3567376202794663
0.3215047654974585
0.2917187486228369
0.2448634075683550
0.2270878168044926
0.2099270369150945
0.1708067830708654
0.1327917432111025
0.1171732691866528
0.0986406816445405
0.0811337830305186
0.0695709638582956
0.0447814161663844
0.0250436930471840
0.0178879942285924
0.0121073161736936
0.0025826246657190
0.0000000000000000
0.0000000000000000
0.0011953043514582
0.0056057206286968
0.0108042910751719
0.0177054084761059
0.0276517505014403
0.0409285604019007
0.0633726408242262
0.0906467783055337
0.1084318531746726
0.1322694808509651
0.1844859084746089
0.2268577019984143
0.2531869324662691
0.2748666444154897
0.3024038438071796
0.3528077183884636
0.3995024941055569
0.4393625391892496
0.4874910032881808
0.5202803497525410
0.5596774785789453
0.5758981943798495
0.5799115292028449
0.5892700026902422
0.6063782924091292
0.6290852162703056
0.6358769234167628
0.6226848201798948
0.5947085260164947
0.6024787546430694
0.6148294976092072
0.6071409519649918
0.5930709404106559
0.5812197351954832
0.5705049874693725
0.5532165238498874
0.5403353565152269
0.5259373120925274
0.5129923636044308
0.5194830778465584
0.5262937366638633
0.4259318043570485
0.3485101590030272
0.3295094795348725
0.3204033507205217
0.3008558709224568
0.2729110427881481
0.2631388154253417
0.2467933030231822
0.2170214110270833
0.2039647177358639
0.1890391883271758
0.1504320690979365
0.1179572402632613
0.1032731727298084
0.0829913164662096
0.0680385584731807
0.0543782415484476
0.0377459246522069
0.0266201582716474
0.0169086453522951
0.0094938681072385
0.0021316975830558
0.0000000000000000
0.0000000000000000
0.0010491312986086
0.0038911208486512
0.0088642761704098
0.0163817999301678
0.0253811692422368
0.0369884822593639
0.0575992351693683
0.0805039151157616
0.0943089385929397
0.1035471972545259
0.1465444556536062
0.1896162362733328
0.2116760934147528
0.2474455169507673
0.2712153620484247
0.2974824682180353
0.3299165427772286
0.3538251806093368
0.3909777776943331
0.4234548709115569
0.4644586751740569
0.5066931826557914
0.5172691687879534
0.5294080558826341
0.5476303640962428
0.5636541454195967
0.5654269755341633
0.5571545293071056
0.5437278922258237
0.5355052597967325
0.5299511268232838
0.5230166521874418
0.5154143372529799
0.5092459782953834
0.5022444944790567
0.4896643117773571
0.4768237337555734
0.4619092362770331
0.4452963747982236
0.4367520163552999
0.3990419490402183
0.3369444350098500
0.3222820072347382
0.2990228935597971
0.2831210096051976
0.2676522474965630
0.2503865534664662
0.2375427339890202
0.2088356118964597
0.1798160031951520
0.1655353013807661
0.1524844628340410
0.1238051837570881
0.0974110488392595
0.0832649126348540
0.0666624892639408
0.0572572326443883
0.0456091963354270
0.0345241220462095
0.0268301695998913
0.0146048217503018
0.0064726723485132
0.0017803456135766
0.0000000000000000
0.0000000000000000
0.0008535401344260
0.0033370782019663
0.0067122347320030
0.0121475330011446
0.0234238347097428
0.0352910949609606
0.0525114892729667
0.0721117866014959
0.0817587258596434
0.0902084436925436
0.1128752513234709
0.1448288310586342
0.1659190520927448
0.1999838406511184
0.2439472647314965
0.2593011676926797
0.2680822460010749
0.2814139339743940
0.3043175127761598
0.3306819681468379
0.3666459663315952
0.4309856235863787
0.4590683804929889
0.4708811088408597
0.4832816791570157
0.5056813953920484
0.5148286865275317
0.4959207698948400
0.4773125558022460
0.4657206163526133
0.4517104117157122
0.4406825316443432
0.4325138556190841
0.4379260203308495
0.4447313597556458
0.4318553543003923
0.4188791547326697
0.3980529305424115
0.3752069910682707
0.3434766255485422
0.2965296590382799
0.2913472029349068
0.2876664409316558
0.2657835077130143
0.2496133468986643
0.2348994453708955
0.2196000168247803
0.2082204543208367
0.1781462284931220
0.1426912220488210
0.1303014800102297
0.1182450443302006
0.0960460588721576
0.0790456244139073
0.0676372627195269
0.0571540819857294
0.0492113220599792
0.0390766878040606
0.0298708116246484
0.0214726167915948
0.0117311166890094
0.0055808160376866
0.0014497285055698
0.0000000000000000
0.0000000000000000
0.0006744094325251
0.0028792351923585
0.0053225989925211
0.0077490789966891
0.0180002859792757
0.0315034524069508
0.0446172346592615
0.0627108068937314
0.0708295523455707
0.0811484687591881
0.1020648779011208
0.1283070260981266
0.1463163581195492
0.1604024975787589
0.1921697257940027
0.2128911225889827
0.2205908964983877
0.2298962030447980
0.2485275946904671
0.2755310682421418
0.3113071662753538
0.3491277330396376
0.3738513928116904
0.3942185436645551
0.4136504471356087
0.4288303100351286
0.4342755146050484
0.4262483927792096
0.4203239940757961
0.4148314445340202
0.4045166442220317
0.3909142251720222
0.3791559108139171
0.3753244621890818
0.3697531676269524
0.3555339770077106
0.3430978808485206
0.3292084460055246
0.3149838864167880
0.2947663717167335
0.2750507761382311
0.2600065359100718
0.2408381363587476
0.2220191660582546
0.2117802407643155
0.2007163308259916
0.1876747215730493
0.1765777887467189
0.1457113602708997
0.1191605481708504
0.1110439545904628
0.1007831237785470
0.0826112535272700
0.0674413888829426
0.0563239259239083
0.0473912391222928
0.0385549740341174
0.0299152403330572
0.0228776916881283
0.0158920656498869
0.0100987973415747
0.0051908107523203
0.0013485988525706
0.0000000000000000
0.0000000000000000
0.0004807306522814
0.0020144284452414
0.0042375089862691
0.0066415743410922
0.0135579679110829
0.0238648455034978
0.0359804853934216
0.0518173896350994
0.0603821642021780
0.0694272688804222
0.0875364508458328
0.1104331981596260
0.1284517386821216
0.1388501374073294
0.1587152502308745
0.1698922303098154
0.1737878252106716
0.1799765539403218
0.1892427763077098
0.2101310926000540
0.2598903832342531
0.2834724878319534
0.2973114955357578
0.3207395831235908
0.3483552709809680
0.3652806946049639
0.3755815340582990
0.3640122209687784
0.3590086520562945
0.3656759492081678
0.3743123242176820
0.3341675658050060
0.3142728269597754
0.3141766816566577
0.3178804985288253
0.2848490769744310
0.2717384421840249
0.2693344742537356
0.2651000048105981
0.2548671613729330
0.2413103488465068
0.2225711533284693
0.1984348602841937
0.1827328451343794
0.1751617356984625
0.1700640634127856
0.1610005235966448
0.1370423888995866
0.1100745951853866
0.1012239251914806
0.0955826300090483
0.0844112655116350
0.0681291641248229
0.0535992102224804
0.0446583478871286
0.0379677537254575
0.0302215124001562
0.0225207671657595
0.0171088825748053
0.0123934236967901
0.0083530515540859
0.0052560918715276
0.0012961621619778
0.0000000000000000
0.0000000000000000
0.0003408257711135
0.0013072970773814
0.0033295854548273
0.0059627073252961
0.0110463492960400
0.0188547149094475
0.0294650960221909
0.0424452790716525
0.0498170924835491
0.0564499676877163
0.0686684100809757
0.0782896808493799
0.0878027040021693
0.0950981534171533
0.1111829782983623
0.1360631271263277
0.1432509023572427
0.1548031221162218
0.1633283430651374
0.1689725628549160
0.1847415258573059
0.1986081664653472
0.2084695039146836
0.2222437061735666
0.2434166034667801
0.2595347997351656
0.2771515914926415
0.2972988277205322
0.2964015885665979
0.2954310382949677
0.2750262834101199
0.2624303918453698
0.2600980103002967
0.2581796630812520
0.2432064892490728
0.2262888943955264
0.2228571744133211
0.2186159359117357
0.2095266571623496
0.1981573102480636
0.1808448646528930
0.1662371239673974
0.1549297498342169
0.1465296796936139
0.1404273736002633
0.1336768532100432
0.1182465274942831
0.1038758948595293
0.0954337602003117
0.0865378250513195
0.0767204288608532
0.0667614815071060
0.0555447369258472
0.0440416126311268
0.0375397347433783
0.0316942791311995
0.0241927104613487
0.0177849043612940
0.0136110428181725
0.0099077692566002
0.0066107127278369
0.0049216912538619
0.0010056006266268
0.0000000000000000
0.0000000000000000
0.0002247345844235
0.0008745501159652
0.0028108305170212
0.0054043451790683
0.0078525498183228
0.0121096105853974
0.0247452248694381
0.0354100567700772
0.0405511275534513
0.0456527473561569
0.0543121044162290
0.0557457420673527
0.0557572551244890
0.0573607199730028
0.0627337973880742
0.0910219482710771
0.1182140999151608
0.1323048283165277
0.1418374413084990
0.1350655431453763
0.1202338828402215
0.1241713408552292
0.1285369707125932
0.1388799192383504
0.1653361147582461
0.1701825329293726
0.1781301850690290
0.2342237799118366
0.2567547246741362
0.2158542039221793
0.1709281020333784
0.1961622236025408
0.2140749239734169
0.2035714020494996
0.1727218292009791
0.1748729226996441
0.1763252417382857
0.1743108112865739
0.1663107202532172
0.1443326770034888
0.1258431578140996
0.1153904916252867
0.1090877892423793
0.1134463152504275
0.1167231299164894
0.0956110016275614
0.0795277319567348
0.0792869599817188
0.0805926066430563
0.0708248755347834
0.0603805166903323
0.0529430344709491
0.0446120368673372
0.0359643296702339
0.0308176490715680
0.0248663056486845
0.0185590481596933
0.0140088394683827
0.0107080752891674
0.0072937492664268
0.0047331223656920
0.0025588326696367
0.0005227030564443
0.0000000000000000
0.0000000000000000
0.0001530526704108
0.0004935713106815
0.0019811876866866
0.0047183596392570
0.0061116075933881
0.0074467214155411
0.0141048721220160
0.0218553039568975
0.0247909779815481
0.0277647072767930
0.0327093015476839
0.0377216919331886
0.0401741553836031
0.0445311565390206
0.0507225500194612
0.0583584782648547
0.0739928983061057
0.0816207607775681
0.0835995212451436
0.0833338839103523
0.0856574260238265
0.0920471083434379
0.0947304212408954
0.0971556874187993
0.0987399354372813
0.1033977586277828
0.1113544787306540
0.1197165926859061
0.1320731159167140
0.1365749234214474
0.1388500524566368
0.1409643759520696
0.1421834225589158
0.1377051922484777
0.1328350004632370
0.1308408986166656
0.1297431220589512
0.1264636221619432
0.1155498534417284
0.1030108972745549
0.0962073229392258
0.0897696547032675
0.0858820742605854
0.0834096597377198
0.0771052626577924
0.0670560262687459
0.0627924839588148
0.0589599670059908
0.0503270199231778
0.0430925211351359
0.0377283806611604
0.0324058237603867
0.0262126472541079
0.0213608661018575
0.0186374084458804
0.0156502422901702
0.0128264967259176
0.0098200226486644
0.0072922335731078
0.0049956705789758
0.0033459624631890
0.0016103666137778
0.0004202302923715
0.0000000000000000
0.0000000000000000
0.0001192415986206
0.0004472029518515
0.0011090388608941
0.0028608880248576
0.0048937647361275
0.0055028182990497
0.0063253073825314
0.0101183946132260
0.0137510570663591
0.0147079441985906
0.0161657935108142
0.0218846344051733
0.0260563349258395
0.0304142659808007
0.0339741377035043
0.0387381401352404
0.0511590273282997
0.0446781160787051
0.0406192245167522
0.0437853765783146
0.0489008563319575
0.0610270241494943
0.0731206740738949
0.0592986201887868
0.0463704471830116
0.0483843320599937
0.0537267357415546
0.0501577370248565
0.0504616583365648
0.0740877024582083
0.1047159907754131
0.0996934279770847
0.0886100520969347
0.0864869684662663
0.0864212759952641
0.0919514009817129
0.0953937034124264
0.0859660007108154
0.0743582776408409
0.0706548236980036
0.0682898903479701
0.0657561999663802
0.0630571409472925
0.0572177156825422
0.0486772902087775
0.0481836650780002
0.0467353050970585
0.0370903093765793
0.0259565773786188
0.0232408663242564
0.0207612517912886
0.0153570400417608
0.0117331522515879
0.0102657904491552
0.0095005657209550
0.0093673864302931
0.0088103010999176
0.0059848681901313
0.0044286848175503
0.0037397178407719
0.0027070598578348
0.0011230118146005
0.0002806345210407
0.0000000000000000
0.0000000000000000
0.0000825701962993
0.0003911897893900
0.0006891102078188
0.0010111470009475
0.0020513706047502
0.0033927317754453
0.0042359136891309
0.0053536710517859
0.0064782313620131
0.0073436661061913
0.0088623594261327
0.0118602517780466
0.0147242939229631
0.0175140263043122
0.0188336489892404
0.0197905787338469
0.0239320313940149
0.0295344311380009
0.0303724163687766
0.0313886546039683
0.0317908533242865
0.0322672159976737
0.0341204819733703
0.0348672700645138
0.0339025312138534
0.0327093709246359
0.0313744100865961
0.0330476277468059
0.0371630511215911
0.0418979194384220
0.0555183482616830
0.0585122727905796
0.0542678814181803
0.0488027415370077
0.0438860260879147
0.0440405434216986
0.0469634373297179
0.0505093858495573
0.0515039502652479
0.0509869732773904
0.0491089409471096
0.0465441444403375
0.0438095200732813
0.0413130414750091
0.0380627354581669
0.0341690491540019
0.0286351281398415
0.0226598759491497
0.0191816402728303
0.0163547620310424
0.0129611173820588
0.0097510247345782
0.0080052630996932
0.0067237124387273
0.0059581518653837
0.0055127640825757
0.0044302703572344
0.0031402980712042
0.0026049149229854
0.0022511780374993
0.0010484655392937
0.0002678571673077
0.0000936413927775
0.0000000000000000
0.0000000000000000
0.0000439372078985
0.0001956893053481
0.0003075076750026
0.0003484909254532
0.0004333879873751
0.0011212028916035
0.0025556442626233
0.0024974393456887
0.0022535923367480
0.0022015095066617
0.0024372849726895
0.0041032550292251
0.0077181841726752
0.0084998045445135
0.0083217312085731
0.0071572159420471
0.0060520437820230
0.0147534216391440
0.0240849009031316
0.0210186641794813
0.0171901657263360
0.0130915092380924
0.0097991605877404
0.0173980014374193
0.0255094441593539
0.0178449932652710
0.0130129298948337
0.0165570781454315
0.0217821728085863
0.0247456235041095
0.0323813386241152
0.0337544778111037
0.0303305406280444
0.0176003074873385
0.0114532073042379
0.0121181343875302
0.0155734382544489
0.0239824006071893
0.0351177258952903
0.0355672525144158
0.0338300889465655
0.0301315182010292
0.0270429346955932
0.0285444617614994
0.0302435090835441
0.0221113725735399
0.0156277998343451
0.0130952423296248
0.0116148887047443
0.0100304237908815
0.0076943211669299
0.0055177808996699
0.0044575687879786
0.0035594009889222
0.0029527991364430
0.0026019404930591
0.0019049108551570
0.0014335639663441
0.0011974114328848
0.0007197694096971
0.0001631859613379
0.0000469726187845
0.0000140700847878
0.0000000000000000
0.0000000000000000
0.0000118435816518
0.0000466883693734
0.0000701249375746
0.0000970112072059
0.0001480801313400
0.0002074772950847
0.0004705552062982
0.0005884592213923
0.0005849869908061
0.0006020767491720
0.0007248721634772
0.0009170782839949
0.0016030564145182
0.0020214844704277
0.0019886584609781
0.0018763764148558
0.0022312081694801
0.0025179572919489
0.0046333801990002
0.0046831087183585
0.0041836352503212
0.0033231691636558
0.0033375544164898
0.0034407440465064
0.0047298196757453
0.0039471079994851
0.0039727170243642
0.0041696885645664
0.0051827491616810
0.0059125474847425
0.0074457512308635
0.0077142298879494
0.0064741501425485
0.0040289801175964
0.0034715039723356
0.0033254692110512
0.0042282685040535
0.0051921156263023
0.0076220638948228
0.0085643754984581
0.0082615700640585
0.0075378971018328
0.0072002893081034
0.0070454955238188
0.0065913665933654
0.0048290743698225
0.0041704030055612
0.0033722768440777
0.0029073436656319
0.0025241423961988
0.0019185601902770
0.0013731074707030
0.0011238408079618
0.0009023246460213
0.0007635908099276
0.0006633734982979
0.0004922229534780
0.0003495360881495
0.0002658238656053
0.0001503256543788
0.0000612664517136
0.0000145221364432
0.0000032549433985
0.0000000000000000
0.0000000000000000
0.0000000000000000
0.0000000000000000
0.0000000000000000
0.0000000000000000
0.0000000000000000
0.0000000000000000
0.0000000000000000
0.0000000000000000
0.0000000000000000
0.0000000000000000
0.0000000000000000
0.0000000000000000
0.0000000000000000
0.0000000000000000
0.0000000000000000
0.0000000000000000
0.0000000000000000
0.0000000000000000
0.0000000000000000
0.0000000000000000
0.0000000000000000
0.0000000000000000
0.0000000000000000
0.0000000000000000
0.0000000000000000
0.0000000000000000
0.0000000000000000
0.0000000000000000
0.0000000000000000
0.0000000000000000
0.0000000000000000
0.0000000000000000
0.0000000000000000
0.0000000000000000
0.0000000000000000
0.0000000000000000
0.0000000000000000
0.0000000000000000
0.0000000000000000
0.0000000000000000
0.0000000000000000
0.0000000000000000
0.0000000000000000
0.0000000000000000
0.0000000000000000
0.0000000000000000
0.0000000000000000
0.0000000000000000
0.0000000000000000
0.0000000000000000
0.0000000000000000
0.0000000000000000
0.0000000000000000
0.0000000000000000
0.0000000000000000
0.0000000000000000
0.0000000000000000
0.0000000000000000
0.0000000000000000
0.0000000000000000
0.0000000000000000
0.0000000000000000
0.0000000000000000
0.0000000000000000
