0.0000000000000000
0.0000000000000000
0.0000000000000000
0.0000000000000000
0.0000000000000000
0.0000000000000000
0.0000000000000000
0.0000000000000000
0.0000000000000000
0.0000000000000000
0.0000000000000000
0.0000000000000000
0.0000000000000000
0.0000000000000000
0.0000000000000000
0.0000000000000000
0.0000000000000000
0.0000000000000000
0.0000000000000000
0.0000000000000000
0.0000000000000000
0.0000000000000000
0.0000000000000000
0.0000000000000000
0.0000000000000000
0.0000000000000000
0.0000000000000000
0.0000000000000000
0.0000000000000000
0.0000000000000000
0.0000000000000000
0.0000000000000000
0.0000000000000000
0.0000000000000000
0.0000000000000000
0.0000000000000000
0.0000000000000000
0.0000000000000000
0.0000000000000000
0.0000000000000000
0.0000000000000000
0.0000000000000000
0.0000000000000000
0.0000000000000000
0.0000000000000000
0.0000000000000000
0.0000000000000000
0.0000000000000000
0.0000000000000000
0.0000000000000000
0.0000000000000000
0.0000000000000000
0.0000000000000000
0.0000000000000000
0.0000000000000000
0.0000000000000000
0.0000000000000000
0.0000000000000000
0.0000000000000000
0.0000000000000000
0.0000000000000000
0.0000000000000000
0.0000000000000000
0.0000000000000000
0.0000000000000000
0.0000000000000000
0.0098374521426215
0.0190478282510082
0.0249335740391489
0.0303880905188614
0.0416429257054831
0.0569587584731058
0.0755308657856239
0.0895362299601623
0.1022129455645194
0.1136980081196164
0.1247989685081862
0.1370825773566360
0.1479276847689188
0.1467737857892486
0.1413817078966661
0.1361231089097797
0.1398617795239644
0.1494874771197965
0.1726526931161146
0.1830835605166804
0.1786828420454079
0.1679080537800182
0.1644678138922950
0.1758529888786542
0.1941136712301038
0.2056935602400690
0.2146169036963818
0.2257590398386905
0.2901401521474531
0.3327975164571655
0.3560367600352222
0.3632242977551139
0.3297926961495860
0.2395903563363296
0.2229294887234771
0.2033568750417957
0.1932444077133439
0.1860381356596262
0.1843967683881628
0.1870917981220319
0.1843802171898648
0.1684254944541499
0.1487844575149884
0.1402584609393309
0.1429679013535827
0.1435298544760359
0.1527517422560752
0.1630572052378144
0.1934211488981311
0.1788093190300876
0.1713071744852366
0.1630093951634172
0.1505005232649990
0.1121101816807329
0.0989277877307350
0.0851281773722562
0.0744786715610676
0.0675001925586496
0.0627721993247719
0.0595753865727182
0.0510483683544538
0.0304403881421520
0.0171232637405451
0.0000000000000000
0.0000000000000000
0.0199655269347510
0.0395296278445969
0.0530059824406447
0.0581225421726328
0.0682983636030299
0.1198285209404334
0.1563906321084547
0.1828510566079613
0.2086556242179947
0.2242527519468170
0.2415774017189811
0.2833666880226923
0.3163461460536339
0.3017529114414897
0.2807433146616590
0.2671324195901874
0.2619320761791709
0.3054658352587314
0.3700287566295890
0.3766390770762097
0.3679198912084163
0.3356922052596760
0.2816714935681112
0.3576131874310099
0.4070699919861355
0.4092760390213842
0.4166212889654121
0.4618768053320699
0.6272776415700143
0.6855188364075763
0.7097966793275965
0.7701406945511249
0.7622046374183550
0.5232306669373070
0.4213257125780417
0.3981667382301946
0.3917970022608388
0.3691447442959188
0.3542015518364183
0.3805795349562956
0.3929003903577865
0.3478050509344893
0.2603568406467386
0.2755190333785403
0.3062054011150050
0.2816316032216107
0.2724005642469381
0.3632902377659083
0.4614576078951834
0.3885930989185089
0.3108606192441471
0.3310616733696505
0.3547524634649641
0.2492161568916636
0.1824055267034425
0.1635343186419226
0.1484074994460666
0.1332002238555682
0.1188636754905853
0.1240876292134934
0.1196635747619643
0.0768307164554849
0.0295273937717611
0.0000000000000000
0.0000000000000000
0.0318064720658442
0.0649658145567473
0.0937481486750121
0.1109746013235324
0.1631269547059716
0.2086468445016929
0.2288052113362387
0.2614168892890794
0.2922015746888584
0.3163222289672037
0.3493309067323597
0.3938715641418020
0.4214287309061870
0.4369763839076735
0.4517538947725842
0.4700149127862167
0.5080723611591402
0.5448874302090394
0.5712163774172135
0.5885436827842785
0.5892813004448775
0.5877141147176816
0.5866138927522284
0.5986181398987115
0.6045907326499722
0.6213413889807982
0.6600989101010466
0.7189687947980360
0.8649404728718427
0.9534784592779898
1.0022585754816034
1.0086893013924738
0.9615241944192017
0.8720333795267468
0.7717527041071943
0.6824331547458072
0.6457409559201298
0.6330132951702278
0.6376480290546912
0.6291508832972994
0.6201543349521605
0.6162032982898757
0.6244588226760970
0.6340871521838021
0.6270188735163520
0.6025504858617747
0.5775316215093569
0.5820972519201946
0.5827883431543069
0.5808244673336488
0.5473629312980219
0.5112682675561758
0.4784790619243429
0.4436229549538038
0.3932303092340479
0.3549454797295018
0.3133216187226500
0.2791659162080726
0.2435835819531088
0.1916836537770048
0.1655962300906841
0.1348279006108844
0.0603076155159714
0.0000000000000000
0.0000000000000000
0.0414570914520741
0.0894448186027576
0.1323696337990471
0.1977693779683293
0.2605191378453384
0.2684124418941717
0.2776698160298206
0.3492921595948284
0.3909605472115391
0.3990915777118899
0.4176058405868365
0.5103154302267533
0.5529117167982669
0.5709458218992836
0.5988803152639771
0.6782770712879840
0.7503082910559932
0.7723253461827926
0.7887628303358936
0.8073649480289520
0.8164032910457085
0.8240374276970166
0.8389512483231127
0.8126683128862056
0.8086498684757248
0.8101545161358475
0.8407594514285882
0.9865987340918192
1.1926371477375883
1.2588657352996160
1.2895733083328349
1.2875642725724890
1.2520022209927619
1.1854632855654257
1.1085684356274232
0.9605949901368970
0.8217506747856113
0.8923968100085994
0.9427780336368675
0.8831278879009001
0.8384939244589465
0.8642491569894349
0.9664961513330339
0.9863444444669975
0.9775325014068011
0.9218501239748105
0.8049892874275195
0.7604228566242155
0.7505138921487646
0.7633437772632643
0.7676307012946044
0.7059813983687053
0.6175619804942842
0.6008258733485571
0.5910653937707969
0.5457939287459582
0.4483657149310243
0.4104148291898125
0.3827606001628564
0.2960352439406838
0.2121539902015757
0.1640762604559055
0.0805300782409299
0.0000000000000000
0.0000000000000000
0.0508942572236393
0.1164153492511346
0.1760516909441630
0.2536350388631715
0.2880787045452122
0.3113649392666649
0.3780513320982113
0.4558098679048460
0.4765719796129579
0.4979415579574632
0.5785554019204826
0.6642645169043593
0.6886800896148324
0.7202588175194363
0.7753923741120291
0.8288075707597112
0.8641377309680690
0.9037823452840977
0.9575936275852335
0.9999336145420251
1.0348098187845136
1.0584404558072937
1.1351912450416302
1.1652053931677469
1.1910101402350024
1.2317257160697443
1.3274315132148000
1.4318359730794745
1.5027861647075760
1.5676965886833867
1.6202791407154518
1.6097028149097170
1.5682630984832517
1.4907382061826411
1.4203544053399597
1.3697286139554483
1.2859550869807015
1.2049526378492739
1.1832761084004235
1.1588751996786171
1.1492563783347227
1.1584504316175717
1.1804805147356823
1.1840845272115963
1.1673650691687507
1.1429537118771091
1.0578700896853961
0.9621100384282110
0.9294131273267332
0.8876138904956812
0.8572347594232184
0.8290158157373102
0.7703244607500597
0.7170333698702231
0.6859506906391173
0.6559496566776416
0.5694335160323263
0.4772990219970865
0.4369767707434331
0.3847765082222508
0.2775375608926005
0.1897667092754286
0.0907777587459158
0.0000000000000000
0.0000000000000000
0.0531241814931583
0.1077190924161049
0.1994701140695326
0.3083631069296597
0.3420429949706085
0.3614946410635532
0.4446036101039484
0.5430714658762871
0.5677266492212720
0.6064694125357105
0.7249464341247365
0.7900322341311682
0.8165064255567628
0.8812467405360898
0.9557407228041319
0.9613562654762116
0.9652174827642294
1.0493235181752110
1.1409123818052240
1.1911228296644181
1.2386509935495145
1.3368293045234256
1.5033094491145635
1.5044122136435563
1.4989520812658308
1.6832250430990308
1.7941998741346388
1.8090624664022947
1.8250344985419400
1.9340213070599530
2.0043098800587660
1.9741022860689776
1.9097358989055446
1.8170771972816882
1.6996046100064421
1.7191479949167940
1.7264516516552977
1.5534997886365687
1.4113850183874543
1.4123851405689578
1.4332634361708170
1.4368672806719864
1.4328837534655834
1.3986809110221250
1.3678810134757313
1.3501334219729941
1.3071728184015234
1.1871601057313639
1.0984343010094768
1.0174790365889281
0.9521313935203587
0.9302875189172265
0.9071220674049645
0.8430178830194915
0.7817291301263388
0.7479898290911048
0.6817029059088093
0.5717587553438385
0.5123415586925746
0.4583363663960833
0.3148763829267940
0.1937349641055618
0.0998952248868851
0.0000000000000000
0.0000000000000000
0.0576432938568981
0.0980582948474227
0.2477810705837519
0.3802929704216369
0.4036426882524209
0.4258634147202094
0.5443786863215909
0.6371600424396543
0.6636978703063157
0.7098715319978600
0.8148607307664056
0.9088508059034707
0.9555086676067410
1.0178525276113788
1.0718735795961700
1.1154544332800964
1.2069219631255130
1.2932233211706532
1.3424142199403921
1.3991716737265727
1.4606845738262311
1.5396533709900493
1.6221139567006047
1.6851151000050826
1.7742936244084870
1.8696460763959069
1.9083534581299968
1.9527438425158918
2.0289226562377274
2.0993968323881442
2.1253274229798520
2.1269363885514494
2.1003394514915517
2.0668514633352606
1.9951666662256735
1.9007876531964318
1.8416879716044767
1.7793893979366371
1.6959743676958619
1.6395032717451161
1.6219308510013053
1.6101862958984186
1.5847687752344544
1.5330032053503406
1.4901188487599677
1.4476374795874516
1.3912291645163315
1.3126782187418233
1.2279141440111823
1.1593723862378735
1.0892009451572446
1.0163906004619641
0.9682744025648112
0.9203478116412090
0.8659105396697017
0.8184359507344409
0.7435871451931557
0.6574549523766001
0.5929020095215535
0.5508692737124536
0.3936195612046682
0.2028904535057702
0.1179221000404108
0.0000000000000000
0.0000000000000000
0.0688380111859201
0.1347417799980885
0.2954699586643171
0.4226453655407388
0.4633957931396752
0.5218916449041873
0.6550297894233752
0.7007645146077697
0.7281266276260305
0.8087116331888122
0.9272604152925645
1.0154712652614186
1.0688220524409333
1.1347238571023088
1.2009501788586290
1.2952483845150837
1.4387593379913366
1.5034064639556126
1.5427493301149802
1.5968612501349020
1.6547259807004409
1.7080468365444179
1.7775840513801651
1.8960633328206864
1.9964185365451430
2.0110112274338889
2.0253295788080270
2.1026869871578793
2.2077067644637438
2.2662294356976771
2.2843253328062723
2.2914706265044313
2.2923651327592478
2.2984081618971031
2.2816074945648390
2.1305609815243920
1.9568761293805756
1.9450497407223146
1.9388409852832700
1.8543430284728859
1.7899642093071289
1.7810031898290988
1.7706832479790560
1.6918477808937538
1.5715305628555714
1.5433826257871568
1.5205087260249663
1.4440676399926573
1.3187397687734230
1.2675776449684024
1.2274969008603038
1.1249604446465673
1.0191248550492040
0.9734254606165286
0.9403990476224500
0.8909729427835369
0.8228555788936693
0.7391701385167868
0.6549328010880111
0.5919526090864413
0.4715849361239635
0.3123125329485245
0.1378525875761991
0.0000000000000000
0.0000000000000000
0.0861065305011911
0.1702483549906851
0.3211710065498857
0.4592350021782003
0.5321019584764820
0.6074655425248557
0.7032993262146853
0.7714751789666230
0.8690507894432209
0.9652103685094799
1.0315247773041172
1.1162365026721024
1.1869086027133589
1.2805707662779418
1.3864402201430026
1.4918485618811304
1.5835357157966761
1.6536930279681552
1.7083802870515263
1.7677639123037789
1.8273417819570386
1.8770730962907174
1.9480232805204514
2.0350826139271176
2.0840287222543674
2.1316286979721322
2.2324669044289251
2.3386778443622473
2.4126590724202157
2.4397235468461820
2.4408974737831532
2.4419665611301995
2.4560408119113037
2.4679356800579604
2.4590213460573769
2.4388949017637054
2.3078291998104867
2.1264974304215056
2.0735558697793763
2.0057416556674905
1.9560272640564180
1.9266842519844236
1.9053348880427756
1.8868696613468763
1.7952022547672548
1.6814197426563018
1.6442157940618767
1.6081173312333634
1.5181232128003965
1.4127206120386542
1.3585200510504940
1.3064961680013467
1.1788063287768200
1.0487745272516158
1.0053614891895868
0.9438171102429443
0.8729390088327589
0.7989881892256248
0.7012284090323857
0.6086559934193559
0.4900157084602829
0.3948139537746518
0.1782305750324671
0.0000000000000000
0.0000000000000000
0.1065342299779129
0.2094379353949551
0.3642910319270923
0.5041853323220473
0.5897866731516000
0.6850346993358480
0.7860225667137968
0.8876375176892274
0.9949154627169803
1.0759617662670580
1.1405924271789405
1.1830991847712897
1.2589622870633628
1.4271431201061655
1.5586608650639477
1.6878591864979298
1.7770809993342915
1.8070021896241977
1.8382161168977020
1.9415914193686721
2.0173359822497625
2.0407724415526385
2.0744815505281400
2.1496197669632715
2.1948664234498620
2.2448591653960817
2.3698902874359549
2.6015827755505367
2.6807989911983561
2.6357169943744858
2.5700702890694300
2.5804030913710405
2.6039937623900862
2.6529022711280557
2.6845398137978584
2.6983914062608587
2.6763499953954146
2.4131399050796083
2.1742514732555365
2.1177383064302737
2.0878943457223200
2.0679784141841915
2.0557846991096520
2.0502832634833705
2.0228257230141571
1.8621893197044213
1.7480620640292190
1.7345357585734327
1.7141231806710335
1.6010356775026893
1.4900837324139626
1.4252539695177195
1.3245398837844342
1.1647824322022184
1.0741985711566044
0.9992368286445805
0.9276672533437049
0.8518431134983153
0.7342470270060684
0.6242976362399952
0.5083657175718624
0.3969898144544777
0.1902883203978553
0.0000000000000000
0.0000000000000000
0.1319920553010247
0.2527541038251312
0.4053276210063916
0.5395888405573115
0.6312512215045738
0.7348252144741753
0.8309599410765766
0.9357228274814929
1.0291758646923104
1.1159366475266055
1.1956725255441401
1.2445264326364678
1.4937719947892134
1.7261108172294244
1.7974957194264003
1.8937016923659278
1.9557951362079897
2.0099949775011816
2.1306117003899168
2.2197255173826451
2.2613334091455544
2.3032964246045950
2.4192675351736899
2.4858837945057486
2.5266021716078373
2.5843047765273295
2.7441895759897648
2.8683204622786103
2.8778511760140559
2.8876959148121371
2.8863366336361866
2.8799167071844050
2.8748872576755571
2.8676541914345619
2.8645583111714732
2.8568687920635782
2.8138760778432816
2.7836617674832453
2.6296651487997265
2.5154874764486452
2.4466724635068910
2.3340374524234804
2.2768605384247058
2.2041116511426178
2.1289928787808510
2.0677091147625468
1.9651345983001756
1.8490594841488595
1.7876953181599000
1.7067705431425875
1.5963821877889279
1.4984527245241219
1.3854512480101961
1.2695137886430659
1.1642884685416448
1.0657137425391807
0.9832730922863894
0.9091149766512371
0.7795436879488241
0.6443025525690254
0.5151851957098276
0.3797796739050239
0.1812982697351641
0.0000000000000000
0.0000000000000000
0.1531937128334842
0.3356382024244362
0.4607459989805081
0.5643684864238414
0.6630972426909355
0.7640827051698561
0.8720468516281962
0.9715919856525058
1.0723992667165907
1.1716690925223900
1.2650180527435828
1.3526260648634585
1.6991560857233987
1.9523057902049439
2.0222743530919800
2.0692569032903103
2.1180317126771619
2.2617726311189972
2.4250717861641196
2.4622534571439196
2.4905156282182555
2.5818958607595617
2.7756101195234577
2.7909696787572731
2.7804600465185674
2.9047274037627808
3.0787879326790577
3.0966832699879836
3.0978226934399329
3.1254053703592586
3.1729303756562528
3.1602507819718797
3.1272985866335605
3.0690604697789050
3.0370280968647818
3.0252758643904780
3.0171621948621277
3.0080767457333892
2.9689560354482154
2.8877166894466302
2.8241206939525187
2.6477940481413160
2.4706797188342806
2.3548954884174620
2.2278428560922832
2.2088534220885729
2.1788414134424259
2.0202040286731595
1.8741864599961646
1.7826887361511110
1.6783858210664087
1.5692492521315000
1.4627132637011313
1.3445339019491467
1.2443652949813782
1.1380661873000515
1.0297583875774905
0.9306558940471388
0.8225292133168687
0.7071161279795314
0.5213897157163183
0.3237863095658261
0.1644469214519421
0.0000000000000000
0.0000000000000000
0.1957850506417956
0.4171981493789439
0.4925431563341004
0.5816920706249162
0.6888353080348846
0.7935179488076003
0.9424323449862962
1.0614788349294497
1.2240848780304687
1.3499554346992990
1.4617789105846331
1.5873252295735425
1.8580858898769490
2.1218867651065465
2.2051331992326206
2.2881454045076750
2.3848814180426761
2.4831907327030391
2.5475391536587035
2.6243501470136832
2.7531200016812489
2.8706779992345126
3.0292341865779768
3.1229409119762552
3.2271421476520659
3.3117134988753869
3.3457569931600699
3.3287025149750034
3.3263768463674586
3.3339881816984152
3.3528828535855104
3.3486756838719729
3.3105015718530466
3.2409490066508448
3.1970318316002482
3.1663811139287144
3.1562773185027924
3.1490403590225284
3.1075591585227951
3.0372870361532449
2.9815318650322227
2.9182699703299937
2.7953986460790001
2.7224253827683262
2.5752532315581664
2.3642428757744174
2.2991929854547752
2.2065871100881580
2.0460155671140132
1.9102475736388687
1.7922150710710381
1.6544182415790996
1.5373364263767686
1.4032106952446832
1.2999187451680234
1.1990674485009214
1.0726316323487537
0.9414142460740500
0.8374636743748634
0.7465174556439768
0.5407640803302152
0.3033728963419398
0.1712262315087544
0.0000000000000000
0.0000000000000000
0.2165092885986226
0.4476323697291971
0.5221359555787436
0.6054535680023307
0.7145432862788272
0.8194954124919723
1.0038302908766337
1.2385889772227681
1.3941302324357163
1.5119127056096684
1.6442161634724193
1.7762191352033592
2.0514955206427392
2.2589563990368995
2.3687580972646578
2.5286001542430916
2.6440796648221392
2.6499343228829786
2.6559122876774985
2.7943415226812762
2.9853023519519164
3.1793662013868040
3.3573559801563944
3.4813178288630349
3.6073413545469148
3.6679748366923266
3.6767922884396285
3.5701429245623828
3.5005992177131469
3.5290008773848003
3.5596447945995076
3.5517148676884931
3.5236222996491211
3.4262954228669056
3.3015388547950448
3.2872261874211866
3.2906496875012961
3.2853472929851049
3.2567032734570480
3.2039210198582273
3.1726284406160206
3.1324508981890049
3.0592218777250979
3.0078809780165408
2.9262336028585354
2.6396713949192923
2.4287001917423918
2.3283535020487651
2.1797297464585150
2.0262010802655070
1.9192876593276795
1.7722713252903661
1.6147401518377844
1.4575313858098240
1.3561905481386705
1.2468956761462746
1.1102233567894106
0.9704346165260648
0.8481092007852359
0.7279380965294495
0.5764654495475522
0.4003942409201351
0.1794284145402234
0.0000000000000000
0.0000000000000000
0.2181112234823374
0.4578829448677349
0.5380856784799236
0.6297926314877832
0.7466071219338341
0.8511216812871719
1.0942589917123509
1.3540197280168256
1.4500995072869569
1.5697765062063624
1.7171667272062070
1.8575962881534722
2.1672302643993793
2.4123908828173009
2.6179336215375759
2.7679921816270050
2.8434964958125923
2.9026705653864342
3.0674238387460342
3.2098778099589249
3.3041895211166530
3.4527024186675956
3.5449573738869984
3.6354559758191667
3.7185032252227717
3.7815571799372023
3.8025050448222575
3.7976390022399786
3.7743531292801507
3.7531990806534159
3.7361360845850173
3.7058957145785754
3.6789781312005458
3.6608971277941187
3.6142124837200935
3.5377538660887016
3.5124411748431097
3.4920365062675454
3.4602916047550316
3.3850404622927357
3.3494649298274046
3.3036672833027803
3.2264654117014082
3.1306784622336274
3.0250488296725986
2.9269075309634136
2.7329130585958312
2.5713271965871112
2.3774226822870643
2.1483003703989598
2.0372582218000228
1.9156158450842575
1.7409942146667632
1.5247823677230989
1.4098834725905574
1.2810365834571273
1.1387910765642228
0.9989415422449081
0.8529254285236341
0.7059148888456688
0.5832050436037064
0.5020931845568710
0.2240661522455979
0.0000000000000000
0.0000000000000000
0.2051165503595749
0.4228110983498740
0.5442900149008151
0.6676266541612945
0.7845569601297224
0.8946800118636564
1.1590799543580259
1.3911537271156960
1.5061000378184757
1.6251873196989834
1.7835157654709746
1.9443553831803864
2.2792193654442197
2.7096938631375282
2.8617353350809118
2.9539097335878264
3.0506709079161918
3.2118837203016914
3.4126256486923889
3.4880699646332038
3.5603815702313719
3.6765878453230192
3.7416761719147686
3.7753842534903779
3.8189801347597943
3.9158953586872451
3.9597648563590844
3.9939692922376304
4.0042621836353991
3.9629399732458692
3.9184874037801030
3.8631649081774873
3.8108250289870087
3.8568284840202782
3.9012347685679258
3.8079883314986764
3.6733884424223162
3.6756886317060773
3.6748847692414457
3.5873900948624224
3.5134084345935879
3.4606970397200327
3.3839129131072245
3.2791763111151750
3.1676999611105003
3.0793863562591994
2.9764006200287976
2.8356497773145612
2.5516154656182057
2.2802255119584691
2.1628470845909455
2.0453753558782060
1.8893910161518597
1.6663394124850655
1.4423802017312721
1.2934579870238760
1.1654575416253157
1.0280693884296439
0.8583218108374313
0.6795916553378432
0.5810013956395920
0.4840293531499280
0.2351520858316140
0.0000000000000000
0.0000000000000000
0.1981351274016561
0.3831380900046674
0.5450005629532236
0.7029690420500476
0.8143071883116278
0.9322249298536114
1.2271163598972876
1.4591164974201840
1.6560953422579276
1.8011588100525338
2.0313873233842399
2.2385983358064085
2.5556831635595665
2.8749528225242882
2.9349493371308957
3.0349776036042231
3.1872802738203014
3.3553986784514374
3.4939941684728102
3.5902720371202488
3.7266163641152739
3.8352923875802234
3.8924168706997584
3.9343760549380664
4.0387155294872885
4.0989729485863808
4.1087885925179437
4.1070945003941093
4.0917233590930042
4.0653531948458426
4.0387803922041918
4.0257121147084565
4.0179719574821613
4.0034248647197277
3.9841219183925176
3.9620859933029808
3.8747673853139797
3.7783599540084918
3.7389929246139912
3.6912276903983874
3.6341373623823934
3.5630380051275297
3.4712704344517613
3.3833616399697499
3.2823534095964351
3.1608233955703460
3.0491446972243321
2.9300993451247641
2.6488521491934680
2.3586776975894983
2.2348170828514728
2.1202221271075117
1.9841395179276522
1.9047881455877809
1.6061462011483025
1.3180794863126415
1.2168118078077981
1.0943614463151818
0.8836798569199511
0.6535047437539163
0.5751581417819620
0.4605774691409882
0.2316779803384274
0.0000000000000000
0.0000000000000000
0.1928497873542308
0.3832426823568602
0.5449400508509125
0.7010829575220594
0.8432163770081381
0.9841975731372918
1.3073884298535223
1.6590054594354877
1.8271558552101992
1.9534694835543363
2.2441173848526921
2.5738664798338649
2.7818873250395391
2.9219552230482799
2.9991769700415363
3.1001739033374731
3.2672369937508821
3.4961595277198318
3.6241180796343038
3.7438545364470723
3.8815973028017909
3.9733227324700895
4.0389166798462171
4.1216069870074765
4.2253433038474286
4.2567547590557906
4.2585954723634343
4.2291588146495123
4.1873751796094991
4.1562654052847714
4.1249115149392992
4.1640933541295446
4.2108946636974913
4.1436259845928909
4.0903960145177303
4.0812250471871598
4.0474556471742895
3.8887031314504386
3.8057341950628900
3.7845296443359588
3.7635278766855054
3.6829888733691583
3.5294029526484438
3.4601497170922251
3.4073404243204455
3.2852993981860878
3.1132228908904969
2.9913780590754486
2.7427339183460702
2.4439703080797335
2.2886457559542004
2.1626785535777593
2.0731744572490158
1.9867831883124971
1.7276944770266853
1.4267166477326745
1.2701890791829362
1.1101365361771569
0.9233651257261121
0.7024439349760603
0.5844896289230973
0.4483246726760986
0.2280480515132553
0.0000000000000000
0.0000000000000000
0.1919060234730474
0.3888355136189180
0.5483926347247752
0.6958693179431663
0.9086617537334919
1.0965493844960399
1.4384265158885199
1.7849281959873631
1.8996718418127754
2.0267619265623935
2.3736357310939420
2.6919542727992742
2.8402610935727348
2.9635044698106960
3.1262721167026672
3.2534050010740683
3.4530001532829888
3.6699845906833870
3.7368014510151464
3.8414194451637318
3.9442773540483120
4.0430104863955219
4.1268744184415578
4.1987521263034813
4.2681910864278736
4.3248211807118189
4.3656848547616152
4.3852283602932394
4.4025216034578385
4.4129781012072158
4.4257623518493299
4.4093443751204626
4.3942323031953077
4.3803736759364353
4.3630533883545226
4.3490244023885936
4.3074287981227073
4.2459598801356302
4.1263128310394332
3.9758379977082319
3.9388078058900828
3.9118837731528622
3.7793336522300045
3.5812769823206079
3.5318343525227198
3.4719139006364896
3.2862714471420245
3.1324462527041432
2.9374053664273942
2.7179421243992485
2.4849365236827845
2.2190554554704831
2.1368990516826716
2.0303740392221763
1.7706728053734908
1.5020226346049195
1.3172401794753510
1.1239435855977389
0.9525509530066510
0.7630370565363221
0.6205892249658349
0.4526346362061612
0.2344637703842831
0.0000000000000000
0.0000000000000000
0.1921191313758105
0.3811244404042528
0.5584963404165950
0.7216998209126260
0.9635831531383416
1.2523877940946095
1.5459546828067847
1.8084030378450877
1.9590426145343347
2.1645250707238830
2.4908510894645084
2.7621846737781763
2.9192107656620681
3.0733345388212214
3.2402874186293684
3.3714148570562954
3.5835849372988662
3.7535737848792343
3.8247742481836098
3.9067845692370065
4.0029202781627538
4.1324433576178956
4.2162747797615703
4.2583988032359041
4.3124639121178641
4.4142319007862554
4.4817801864874660
4.5347361188975333
4.5944091420157260
4.6409029787483904
4.6776188669759868
4.6337193233332350
4.5677674594034530
4.5750830519814230
4.5887892674373765
4.5926827134567425
4.5801652309476006
4.5268743505617097
4.3977473041506903
4.1815352658891163
4.0964978188243446
4.0723928383023464
3.9969817291251561
3.7490081154597208
3.6637228975229643
3.5991922678782764
3.3947199237708756
3.2014024044363110
3.1199854005995009
2.9999113941683202
2.6384265555255677
2.3104613398919085
2.2039458962090537
2.0793747358173000
1.8251812743569054
1.5526189647911026
1.3647963266135976
1.1577456790522043
1.0003554324422212
0.8310120634594965
0.6661579473993186
0.5072269139538607
0.2416523207544481
0.0000000000000000
0.0000000000000000
0.2006934052891403
0.3772148550461604
0.6137333314516501
0.8092924391981464
1.0880870260985338
1.4195004764353352
1.5913006553339542
1.8022429993325941
2.0383767886952486
2.3204113062759486
2.5468590069508363
2.8058672880126325
2.9838644397186362
3.1488438298213346
3.2955954673399477
3.4231067352901725
3.6509573988188460
3.8398315318264640
3.9581973676868856
4.0422016497463451
4.1649353350129132
4.2848498444993313
4.3324827704988600
4.3731033020670624
4.5022452885082185
4.5776664742228270
4.6011841838204575
4.6432665572204872
4.6829535109589155
4.7187630055429306
4.7414855942868206
4.7517519536406523
4.7525099903119532
4.7427848857197770
4.7307054568842100
4.7062976339824552
4.6750840694330691
4.6280989851117562
4.5124764184776982
4.3913227869876623
4.3067953038280846
4.2412773998956501
4.1153786657908427
3.9426156504976753
3.8384739288544512
3.7550510175436163
3.5101327655242263
3.2262663244961463
3.1576192616797254
3.0883230162679611
2.7801965562345279
2.4363823391356432
2.3047759269458297
2.1356313800598379
1.8751372153831174
1.6002778756087137
1.4135816948294737
1.1920008111019165
1.0329503682249173
0.8814765146414429
0.7046970972350217
0.6019307473526982
0.2715558716443954
0.0000000000000000
0.0000000000000000
0.2182506678051999
0.4411613638192554
0.6770740328728458
0.9098156280014540
1.1655189636237975
1.4343454167761480
1.6232392973123400
1.8060217141313319
2.0759769364552492
2.3378833670300736
2.5913381746139788
2.8610187277788044
3.0399347767765001
3.2353277435010930
3.3659643890958675
3.4720708454187159
3.7217472489993009
3.9776483847709398
4.0848974653753789
4.1723373814699860
4.2951225918867939
4.3812898925301793
4.4351681206365381
4.5415112762425061
4.6625135065015630
4.6859021234717959
4.6955566239635091
4.7343238148930729
4.7682340345673495
4.7912011198000126
4.8154648751115756
4.8643121414419737
4.9019981779171706
4.8911045485098343
4.8610950304921197
4.8187547950164360
4.7730846074508193
4.7261380548018996
4.6310139832904902
4.5346408718595477
4.4706662941514708
4.3983513576956197
4.2917080912550940
4.1363225247186648
3.9614389285603879
3.8466669199814896
3.6051484650363337
3.2951721470950353
3.2046052078856082
3.0956713468757058
2.9103358544121960
2.6642117731206532
2.3978173300004002
2.1762996666654568
1.9333759796681467
1.6704900764685626
1.4797901499821404
1.2693875706792073
1.0589520305285980
0.8675606017314453
0.7080442255878977
0.5625500695362426
0.2710903075580787
0.0000000000000000
0.0000000000000000
0.2322687605877634
0.4760341578861013
0.6987058341581623
0.9341069764134187
1.1688651864902253
1.4231641641735762
1.6380201896768938
1.8212755540840757
2.1136949782046051
2.3310264867424015
2.6277773486940506
2.9259227230597005
3.0988530573924975
3.3181115803698580
3.4258478815305642
3.5220607383252127
3.8100401732126365
4.0682183057948045
4.1431119120759066
4.2260743857791887
4.3528106654185663
4.4606255457079502
4.5624127572654665
4.6522137286401328
4.7018943057582545
4.7466418679516895
4.7925028212344385
4.8244829072186057
4.8487987395160070
4.8768812527118737
4.9208679936311031
4.9522618103264664
4.9600209301525995
4.9587692381170072
4.9372957799568553
4.8968348008492821
4.8468613776483496
4.7991735329069503
4.7169252504246684
4.6167992452029338
4.5525239935032236
4.4713826240698102
4.3649829133787810
4.2690816238562874
4.0910509594887019
3.9178935604543170
3.6684112789587395
3.3724247431548866
3.2621284576991925
3.1081896182755018
2.9430208809653626
2.7715347350165462
2.4782310249171204
2.2057527134823962
1.9780335182973201
1.7266870851364016
1.5297801596881933
1.3489251390965289
1.0857113014772515
0.8375978905132141
0.6933067258748868
0.5270245821792148
0.2637302561167981
0.0000000000000000
0.0000000000000000
0.2402421170616438
0.4862043076419653
0.7117471168194177
0.9371889761040414
1.1620560384717147
1.3752990935308940
1.6576642701359123
1.9402647689567996
2.1851548928073274
2.3750526265446963
2.6266321255583516
2.8688640288102554
3.1259635917487039
3.3724929560828132
3.4841856954519659
3.6076091008319575
3.8908041492703829
4.1252078915607271
4.1970874033442138
4.2592083723675929
4.3964388151939566
4.5809261073440730
4.6679126285502832
4.7149966444017792
4.7596483679898718
4.8157284551843009
4.8777317975774368
4.8930604098654538
4.9026468552835460
4.9547913833822612
5.0118851464707470
5.0247269108596484
5.0228109489336124
5.0263726440588421
5.0196121062379460
4.9785846666134992
4.8936156668794011
4.8414835651637294
4.7941067010094409
4.7096145534704217
4.6290181757002911
4.5468439380379033
4.4312619560621522
4.3306222441460900
4.1704234353967635
3.9963509010537672
3.7497624406484369
3.4615313194685160
3.3393289537459108
3.1866074339975272
2.9775824912781363
2.8094834538868287
2.5252120190714908
2.2310720926314724
2.0460673158216580
1.8148446729871759
1.5631727142851199
1.3466341223062126
1.0955438459410196
0.8510667988137837
0.6820707118132922
0.5014817347968251
0.2504987304367980
0.0000000000000000
0.0000000000000000
0.2397819895408240
0.4858257400356900
0.7151313534419096
0.9404568211422296
1.1780557638683469
1.3429298592683019
1.7404062645453888
2.0880710820700101
2.2342319970748994
2.4079653123723794
2.6336157106410831
2.7939704693801870
3.1356859860858268
3.4459919683086695
3.5715376784110848
3.7318844849912693
3.9575726331465058
4.1700497307019830
4.2515100330335036
4.3063160914631835
4.5207913720812876
4.6822627975844506
4.7195794686839054
4.7727264341142153
4.8632263646270353
4.9282957050071428
4.9818417297663764
5.0226831668263445
5.1138257271527605
5.1538777174965826
5.1579743678586611
5.1466617256895564
5.1288089631703073
5.1014803801554498
5.0843446133044843
5.0718014105516938
5.0011323721185565
4.8780650560440391
4.8334837972883182
4.7664197324930173
4.6885623040313495
4.6137003584437188
4.4866775183819421
4.3663619901081248
4.2131514070257277
4.0512404709010399
3.8212127127215267
3.5633492602838719
3.4354262553023411
3.3560261773711701
3.1297371620824013
2.9418226556451281
2.6978429783525781
2.3062363015296174
2.1610243237806239
1.9951936933252907
1.6413400440536350
1.2984753442235082
1.0999092897554639
0.8864486171059599
0.6676630016500947
0.4500412948135388
0.2320097613324935
0.0000000000000000
0.0000000000000000
0.2348730629991382
0.4732015135183593
0.7169508476668457
0.9599241294742716
1.2015963356846309
1.4986753647737010
1.8397452326906485
2.1159524233969322
2.2806359246494541
2.4621770646379040
2.6607678406458191
2.8253183017045496
3.1288891115495590
3.4016666297493350
3.6199853174614267
3.8521014319332307
4.0252748150226445
4.1828780890426636
4.2968253549654234
4.4392233161145151
4.5951153231522648
4.6834758748820580
4.7564662550647157
4.8644646973048964
4.9627047592522118
5.0125687934147471
5.0757112711738985
5.1502305438757290
5.2552047099848203
5.2929970028096021
5.2921068570832244
5.2608925157511157
5.2085607664859985
5.1663640274891955
5.1450927176793311
5.1300613016332477
5.0811739650380101
4.9576192736184419
4.8784143910268023
4.8088796519044728
4.7371563085298076
4.6600086955272664
4.5201787868578727
4.3674227671463219
4.2405367059091654
4.1044244396772589
3.8970457546661366
3.6676572101411216
3.5054632083170034
3.3626827663204750
3.2091435500590735
3.0497055459425355
2.8889914604979037
2.6394525899306891
2.2376819518749311
1.9933235478865288
1.6793985756163794
1.3457541075795467
1.1098279746598239
0.8498691253356053
0.6563265993801475
0.4356336769944171
0.2235969535367630
0.0000000000000000
0.0000000000000000
0.2195238532836164
0.4041899093256844
0.7093272710922395
1.0381280409707263
1.2923361376932656
1.6934085879546874
1.8649499193279671
2.1092526720949278
2.2896743247642015
2.4916253792128353
2.6947404054895205
2.8658830256126793
3.1497814247136122
3.3531740463189874
3.6565827539155915
3.9331937620068920
4.0449347702056313
4.1783074386509957
4.3495910447193404
4.5275410183019531
4.6214057733435094
4.6808570568021821
4.8544126989689191
4.9765013290551572
5.0117032341807990
5.0655416473617905
5.1613568387605362
5.2369758770608597
5.3013661362259166
5.3380475018364084
5.3388378895558519
5.3306248697592293
5.2940590953679134
5.2376008092258788
5.2072854954500354
5.1724091357318205
5.1141600597730257
5.0440314958838401
4.9535203460983928
4.8665454436738118
4.7939161924699558
4.7123605461754519
4.5537405443120544
4.3608391174153383
4.2480596247017832
4.1260754013863608
3.9372194938640277
3.7599455589428241
3.5652160837302933
3.3508584575877856
3.2220971626876076
3.0646699473429706
2.9080426868747624
2.8075121793469608
2.3752011157854471
1.9525533731861515
1.7103331719100763
1.3914102905610648
1.1355837112057996
0.8470602282370476
0.6717643134374087
0.4455980538312904
0.2309060966206282
0.0000000000000000
0.0000000000000000
0.2191020339611358
0.4332514500210937
0.6677522413569769
0.8983611362191332
1.3081050570696320
1.7140898193584875
1.8693959224310119
2.0529449997005189
2.2894261414733470
2.5014569815092949
2.7264421921184621
3.0008648107707976
3.2168926145046668
3.3623366715344849
3.6713297383951136
3.9440074594714072
4.0478553653811957
4.1573561044954461
4.3731370186821499
4.5824127786092861
4.6678868157315696
4.7641376851316881
4.9041846306731358
4.9895063819768275
5.0538833614197047
5.1272120049331837
5.2266894032415960
5.2970188656933086
5.3507937360915090
5.3792224864931004
5.3837920121974943
5.3815771142430595
5.3569120879317067
5.2983518238998739
5.2500999743887258
5.2085506386593199
5.1610496051339272
5.0958924630950611
5.0033031088185753
4.9047307737345056
4.8400451251791727
4.7645831903209359
4.5823885676935356
4.3782970322105816
4.2543304772537125
4.1094904112148409
3.9649383935874445
3.8133476191467128
3.6073155530425032
3.3885473753509827
3.2409665848031977
3.0846888409943425
2.9329118923966222
2.7701721646263500
2.4280060854434464
2.0770386760017381
1.7557356997314413
1.4310361266887401
1.1806239584706018
0.9170407232842575
0.7115563954466456
0.5004407371675866
0.2437678218168954
0.0000000000000000
0.0000000000000000
0.2246058316230090
0.4451456121677398
0.6693548993937611
0.8629442168461621
1.2933298498238468
1.7011126826091651
1.8505969006416068
1.9762850101606770
2.2967565681281426
2.5347789511324121
2.8536837919253628
3.1679013482574665
3.2646804380529915
3.3877098045941350
3.6873805034538365
3.9363811976773029
4.0370984053651409
4.1164630201482098
4.3943090611281272
4.6403159914046155
4.7117903219836004
4.8262476197971091
4.9224044200874264
4.9935617360343194
5.1091009038514983
5.1996943239497968
5.2685027399578264
5.3338277274558754
5.3803536897702218
5.4076714182089400
5.4152128153987675
5.4179661070250313
5.4067170904187867
5.3792074374425347
5.3300735328594282
5.2570920412910525
5.2047743612589530
5.1409887872111275
5.0456071266346587
4.9293304194230485
4.8656602663502095
4.7975358736609328
4.6101412302325384
4.4044307629792385
4.2669452778011170
4.0959098873237636
3.9760047415776274
3.8364666323359438
3.6278098957175162
3.4186146728426534
3.2622165702715948
3.1080224254102946
2.9499667621264098
2.7439792068374622
2.4411641887929623
2.1140125771969651
1.7749504759381050
1.4473294953627116
1.2034273613622597
0.9668315591480009
0.7454857934620495
0.5612944792109031
0.2612099632545397
0.0000000000000000
0.0000000000000000
0.2305751347798750
0.4706376161367027
0.6831520836140242
0.8836812256459736
1.2871812543306094
1.6766736900900694
1.8288982236705948
1.9683182800535488
2.3178721069893720
2.6915677197311463
2.9305025801557720
3.1591439047362786
3.3083743462961475
3.4934251286040796
3.7134079420456629
3.8997679565802725
4.0240714786515648
4.1351557075529044
4.3589774970806658
4.5829021489625443
4.7291953523867809
4.8615099159289263
4.9548654450597720
5.0474820986570013
5.1469940909712184
5.2196509622912100
5.3001110639282460
5.3643899647088755
5.4046043816439431
5.4262986240283766
5.4358063978530309
5.4436744406768431
5.4420958175158072
5.4212566982649761
5.3797705378563281
5.3111598209257194
5.2368816546272434
5.1573320984418256
5.0749197855730008
4.9706918723557569
4.8840509227034268
4.7947858730498236
4.6281943724156340
4.4359593848239971
4.2863364579609256
4.1138430206454064
3.9890747184129811
3.8579629867707759
3.6414211271968213
3.4174751604989240
3.2798240924881625
3.1358230444895208
2.9853722513188790
2.8135340164290397
2.4565434354033848
2.1092534338485360
1.7879932635632980
1.4542050559441373
1.2211909870809667
1.0039865573932547
0.7613480687269613
0.5326144271805326
0.2550081576046995
0.0000000000000000
0.0000000000000000
0.2484107572272097
0.5520759726990679
0.7272378648453391
0.9470387497958402
1.2878218033073674
1.6279411848764853
1.7935712096074308
1.9632326339771500
2.3448745476891601
2.7712981918292487
2.9421092320321955
3.1198320900506924
3.3480784842240436
3.5802971323443438
3.7174265139209295
3.8780287953221451
4.0175428667091566
4.1483217067659863
4.3462491978001259
4.5095273138656573
4.7294812713468444
4.9042623052579852
4.9921510855802120
5.0877035733036546
5.1602084933210328
5.2277586749072951
5.3215646545956261
5.3838290428926161
5.4168163950623587
5.4379858132725092
5.4573954723115712
5.4608868596858890
5.4528344251445207
5.4335949193839950
5.3968399463726753
5.3500924255203905
5.2662684034740996
5.1600676415577471
5.0849583206575693
5.0118464508873153
4.9067518024371326
4.7824740670964951
4.6424185194968324
4.4651393019311039
4.3111804943243541
4.1383379163861438
4.0003481774748320
3.8742852452545273
3.6475687546948832
3.4121118276370059
3.2956196485641573
3.1626979693584492
3.0214236806680574
2.9329913379018362
2.5709576573353905
2.1189865608740246
1.8301208326090395
1.4428590333396369
1.2157166578491008
1.0609229888051577
0.7557598661421329
0.4326619008803543
0.2410975628629010
0.0000000000000000
0.0000000000000000
0.2406706543668579
0.5047380035137816
0.7509291635945496
0.9999430427192949
1.2900482443670371
1.5664568870373232
1.7550779463485222
1.9265171202822404
2.3247938270038229
2.7349076578462435
2.9396862352874100
3.1527294257149672
3.3552506301641145
3.5684697717278779
3.7143106114251108
3.8605239234330933
4.0162878633090262
4.1513526708582829
4.3388600232101027
4.4910617709859544
4.7318453325306065
4.9387977589330294
5.0074203247950404
5.0801914240828232
5.1736054798692361
5.2611601749289454
5.3438820257367743
5.3949501355289700
5.4225709120085686
5.4406701681596861
5.4509311703347914
5.4588376337379056
5.4590514827180066
5.4328587412825282
5.4022835444424384
5.3677408653208634
5.2794822219553357
5.1573773043908533
5.0864102335870367
5.0011738844397930
4.9102209551098577
4.8083217309339679
4.6592817887719642
4.4959436219104099
4.3349773941925793
4.1632824486366076
4.0059382530802701
3.8265696042428905
3.6386134473399925
3.4422962805671293
3.3117891000899742
3.1792914564785533
3.0399135592183986
2.8935553724702325
2.6893188318435848
2.4523821510243140
1.8582953766158934
1.3606373966364995
1.1756312225333643
0.9965025997578899
0.7396742914078781
0.4721669565292708
0.2406666008174651
0.0000000000000000
0.0000000000000000
0.2241448513179750
0.4693347140583392
0.7522343009091061
1.0294324190461948
1.3020237608993845
1.5422089294165389
1.7364221589225211
1.9006442309249372
2.2842829405124867
2.6513551654880558
2.9058686586231155
3.1690658879301412
3.3359324022786119
3.5329164702616902
3.6978753740867631
3.8466760066516201
4.0275187932558403
4.1658799676207678
4.3504140472283153
4.4780167107153899
4.7339043815550186
4.9519143828548522
5.0005190563017763
5.0512333130211431
5.2308516847267095
5.3323449538481666
5.3586849842375628
5.3961781053740232
5.4174609409916652
5.4322723985002659
5.4382276576109385
5.4437690169769510
5.4520857153832978
5.4157821984271211
5.3845168434534685
5.3606757064046713
5.2720681937609264
5.1377099814399951
5.0775201351726249
4.9822922704170285
4.9029253815781617
4.8187920715712842
4.6689493469074463
4.5289359768861610
4.3569088901762685
4.2034468530773950
4.0007197561044894
3.7570948322598614
3.6373459527809717
3.4713401872689729
3.3281917352654538
3.1907522865530380
3.0440175362189414
2.8606826937647964
2.6965122620482491
2.5811291818746653
1.9194853103961829
1.2737416933810104
1.1435270663455772
0.9559502297835476
0.7399069762828266
0.5069864524311031
0.2571196478051717
0.0000000000000000
0.0000000000000000
0.1941518334748852
0.3866897007295161
0.7540571961673760
1.1097066684203931
1.3292620475460459
1.5407862450969592
1.7278932295825535
1.9087175128988441
2.2321930284977194
2.5481075085263547
2.8561076084083910
3.1362302048662958
3.2855268973659575
3.4576696275083383
3.6891264886987223
3.8816395304352160
4.0519994981340002
4.2016021339552312
4.3665319260939324
4.5199896117873681
4.6722620618789872
4.8501886621518588
4.9947228258184539
5.0827267264041884
5.2300936274303389
5.3216685637984664
5.3549998153577301
5.3822284930867337
5.3986092736423421
5.4111239673744471
5.4158457400024522
5.4137544948092655
5.4011106414649692
5.3924336486478710
5.3633986761231141
5.2655633051666992
5.1899594728620011
5.1256771240883632
5.0619200195881451
4.9862419183266438
4.8910002952366254
4.7733692306084690
4.6511591482423409
4.5299612309281745
4.3446925366458906
4.1438678481197515
3.9796181428685307
3.7987570849793042
3.6422756760700468
3.4767242367629381
3.3312424024005827
3.1918400607871904
3.0539039751588319
2.9071958135476752
2.6961351227631871
2.4766185369732812
1.8501968075341537
1.3237633593380815
1.1351528761427461
0.9197109243101202
0.7487780828827896
0.5656083255043013
0.2743506507027230
0.0000000000000000
0.0000000000000000
0.1950012440241749
0.3028243215871095
0.7743917998683417
1.2153307616933644
1.3358552537826434
1.5401603946683642
1.7209655259858287
1.9125641619282789
2.2115421546632952
2.4838848852484161
2.8052085057851115
3.0882393824808823
3.2263104475434847
3.3372845744198791
3.6798363112035095
3.9638687876506373
4.0768667375275598
4.2230646482462237
4.3667178526243715
4.5289363024779181
4.6566958177407916
4.7487915796829272
4.9750664969051268
5.1348457562781524
5.2172406774673821
5.2932093573674255
5.3279456293979033
5.3534503038240810
5.3688187244997785
5.3803436754904448
5.3836330413411542
5.3819082655589767
5.3727904149847117
5.3622062082156354
5.3139688460107752
5.2139436308689655
5.1733169696492132
5.1155558847373284
5.0498065032462911
4.9863420709890534
4.8748612534804074
4.7376832556587463
4.6373648849354074
4.5215439506816297
4.3260699773906675
4.1169029557838916
3.9752064265306384
3.8242299767583887
3.6502143171156840
3.4720185572217011
3.3188367026883641
3.1778659937548492
3.0479554059909657
2.9676576677707147
2.5760748326187981
2.1134534160465415
1.8029937523241253
1.4054286869069794
1.1683996145974898
0.9029980137381286
0.7587973981111503
0.6144340352180104
0.2909859168779703
0.0000000000000000
0.0000000000000000
0.2039923907241868
0.4742812586227262
0.7946575397277676
1.0766342251884036
1.3214336200763892
1.5456025032145320
1.7064879447089187
1.8663435336701337
2.1981530983806525
2.5199365504035827
2.7557892423244379
2.9963568666529041
3.1773399685512604
3.3075615075443388
3.6704336875725745
3.9807157013572647
4.0735621944054587
4.1866143110785234
4.3488771534250823
4.5025116170519954
4.6421910772204278
4.7474022181574753
4.9480225087489025
5.1060261174268984
5.2005850575576584
5.2603339427151532
5.2780810447501434
5.3043986859807761
5.3271397470019526
5.3404663783378679
5.3446998239124408
5.3418923341913258
5.3298050355906161
5.3056602122427687
5.2529022825450644
5.1999039600684256
5.1556250228778824
5.0849393880263474
5.0270716833964189
4.9735846013960412
4.8611137760316874
4.7283935496331955
4.6233453220177658
4.5012136767976925
4.3061836091325603
4.0903421647251781
3.9697659018836529
3.8505969108500278
3.6508779638065536
3.4534873744474295
3.2939706552140144
3.1316140401257075
3.0098419913147043
2.9177510764326477
2.4672459359307193
1.9585554366224278
1.7472273870604518
1.4805508574376669
1.2158314419605194
0.9520518466219201
0.7644852974850163
0.5927586074739917
0.2856772839858370
0.0000000000000000
0.0000000000000000
0.2696030254570334
0.6372752345759366
0.7891504837438307
0.9803985275160183
1.2719498923055881
1.5415040754788243
1.6949098826687221
1.8172080088648745
2.1687695668224354
2.5419151059877265
2.7112171163966989
2.9140424562546414
3.1436836132642081
3.3051772391917953
3.6615680396790111
3.9652677550497439
4.0438441304415438
4.1292180049760265
4.2944032278979121
4.4089522397211631
4.6047801938265653
4.7572222741604167
4.8824221891399189
5.0089607732068808
5.1233935332360403
5.2193715457094561
5.2370589954256372
5.2604386469213251
5.2827155126978989
5.2962031524765845
5.2996135662349406
5.2956224715178166
5.2804849794746680
5.2556370615118189
5.2162048224477227
5.1766444656999218
5.1146155029407074
5.0351007314084884
4.9958622393669243
4.9503298011753714
4.8394965292266363
4.7163445582962789
4.6030143688915848
4.4690186857800773
4.2804793534444201
4.0591881924470163
3.9500600941339514
3.8653921340561119
3.6152670694293199
3.3778975522782377
3.2140416084138441
3.0258809205978148
2.9105149652507922
2.8105483168588705
2.4080332093568000
1.9327746425799424
1.7631835458356331
1.5249485301027734
1.2409750693129629
1.0160511681722306
0.7486475471582967
0.5204610450377032
0.2621089346051663
0.0000000000000000
0.0000000000000000
0.2693496743680250
0.5796212051992694
0.7824558464310772
0.9774032054400609
1.2310229844993252
1.4901127538149181
1.6854082092259139
1.8888130588925125
2.1077868054806563
2.3574261593935431
2.6767757076106840
2.8941369516100042
3.1399211082752170
3.3744713009583802
3.6349983597053299
3.8859453523222327
3.9955678246475963
4.0981006769894881
4.2306597815852385
4.3514142304620727
4.5276642347132334
4.6783512707905084
4.7523247631114174
4.8365919705560669
4.9973575088965152
5.1420562779083125
5.1834205611242732
5.2094143073580748
5.2314543086626752
5.2461079252970206
5.2505575529126318
5.2422348773112892
5.2236022901165509
5.1988729525565871
5.1622160203215506
5.1175550378104129
5.0550815684841917
4.9979564355777315
4.9569476877636269
4.9077199931516731
4.8008817830304755
4.6974089003297212
4.5805825538681519
4.4498758814335915
4.2591662652724178
4.0362685534498981
3.9223965793966391
3.7800248488847594
3.5269888708689470
3.3078694049492556
3.1287563647176708
2.9374689983011586
2.7998395859209984
2.6164958003884995
2.3635927663625647
2.1082578813810784
1.7881154049522137
1.5373596877017386
1.2488852395547891
0.9425396395874838
0.7075624473264377
0.4679190181217535
0.2357870722310393
0.0000000000000000
0.0000000000000000
0.2551039088668519
0.4839483335570434
0.7463745042341439
0.9841997163422369
1.1909651275439586
1.4024906373026174
1.6624891643773307
1.9448360994958453
2.0848371806052102
2.2105072741121594
2.6069434369354867
2.8896421866446516
3.1589702117876115
3.4377783498686099
3.5985723583786799
3.7960517542981402
3.9219551529706749
4.0614258536360692
4.1981298296782326
4.3307480149471527
4.4989421942514181
4.6496351575929333
4.7189988046313012
4.7884414968904885
4.9389889758314247
5.0637129168754278
5.1125848667673335
5.1409241923306981
5.1617542849865403
5.1839338771667300
5.1948414188566785
5.1921154532438090
5.1771308131934877
5.1554428839065523
5.1213790252198512
5.0753233136325528
5.0128158827126681
4.9531798532875682
4.8937723252985785
4.8378931565358521
4.7308901035672859
4.6378066939466294
4.5057880284940275
4.3896316387202141
4.1992022986711728
3.9637185320431110
3.8218223515967584
3.6288773459375938
3.4648959748923724
3.2596344396398091
3.0704598816706263
2.8699566483698877
2.7118489273456614
2.5209061460757551
2.3381832751612084
2.2090248431970876
1.8354552872079388
1.5433618107187259
1.2440579859750018
0.8691679809187070
0.6996720062860284
0.4511989018186519
0.2304493184042377
0.0000000000000000
0.0000000000000000
0.2367521351443383
0.4743136137079118
0.7175492164843084
0.9509113164893204
1.1492124032549553
1.3316373006831950
1.6200710515746204
1.8988639433260879
2.0596193580669966
2.1986547393849309
2.5816507663237536
2.9458392908823692
3.1369832361090255
3.3509425277054938
3.5336941586741668
3.7076127968485211
3.8288475090615379
3.9622261316520588
4.1743636511701228
4.3323418251957637
4.4620355763146176
4.5963075029449785
4.6754745457051552
4.7421874649895370
4.8717499255164922
4.9937011986055335
5.0581179767141231
5.0645389093473510
5.0642916453446043
5.1040988168129706
5.1586683360703445
5.1406997026716521
5.1187941822974663
5.1109836028301707
5.0890735392779352
5.0249450476181137
4.9566938673528691
4.8794089056628733
4.8158905284811935
4.7579652701338739
4.6385123671078503
4.4881668210754446
4.3756668851124427
4.3049100490648824
4.1149197839631961
3.8824819056539983
3.7321428892427138
3.5524047791404185
3.3977163507658976
3.2115796015328826
3.0154313152528647
2.7995326019855691
2.6418624297169639
2.4814972745886141
2.3031277139320991
2.0886569502077785
1.7875454161265416
1.5407817012659522
1.2709276628139479
0.9697317756539593
0.7139792233080793
0.4601784637920160
0.2309818614581521
0.0000000000000000
0.0000000000000000
0.2241495585248637
0.4687804653305117
0.7089123748995552
0.9441143831880509
1.1424667861151609
1.2998700601833990
1.5851027816627747
1.8195065419528276
2.0251813818680282
2.2068469513333779
2.5512132817084106
2.9438340941798677
3.1047643704943697
3.3011590509253792
3.4848627542676214
3.6445686267450057
3.7570404949668239
3.8337978969537878
4.0842321229606577
4.3177971017867014
4.4114951035457679
4.5208180571094818
4.5968339853328732
4.6616555096824737
4.7737587674205475
4.8552352935656220
4.9191673606072470
4.9542298366091906
4.9635829972507874
4.9740776850357973
5.0049200726150431
4.9896531420037302
4.9836514234126712
4.9827669540004891
4.9624696364515080
4.8963984292538703
4.8560085033818554
4.7984425044069425
4.7488331521903762
4.6867349035606694
4.5459252289978638
4.3990800707009949
4.3134982433257854
4.2459142111584036
4.0252684592499275
3.8028244568186831
3.6583510025632835
3.4901081857378426
3.3431543168151636
3.1646382311319114
2.9523052525045808
2.7183310946489474
2.5586754965786715
2.4197321577106687
2.1993059302624292
1.9444141428426831
1.7636693776101482
1.5344312064723289
1.2820291315464076
1.0531183895200813
0.7520640122128643
0.4805583680300085
0.2365148317438554
0.0000000000000000
0.0000000000000000
0.2006864904470976
0.4147912494063914
0.7047881352737161
0.9863040769331857
1.1555984589506665
1.3162949654343323
1.5646336785262651
1.7961015956139537
2.0015624051977108
2.1927966943631310
2.4590124275817016
2.7836701454057882
3.0678201070952444
3.2806212165509594
3.4364230860550551
3.5832966958347625
3.6926961209305729
3.7739264023051708
3.9373121317365483
4.1757182974104534
4.3687115381075250
4.4641799877654238
4.5033579578957941
4.5567461662937534
4.6809012004420110
4.7251132736110728
4.7470095314605816
4.8183036556743417
4.8515585077615473
4.8384159209929205
4.7977084210517251
4.8104652024535888
4.8207737349965418
4.8291769621295382
4.8389040119881557
4.7617213794808144
4.7333064050802331
4.7300981928735562
4.7086038610679850
4.5805663778958428
4.4250592867459106
4.3220318004582454
4.2350477407698595
4.1035025965944882
3.8772519227360487
3.7195215139894815
3.5756942552768183
3.4389407862925410
3.2947526552883812
3.1363768675181469
2.9101246704763404
2.6188589759128935
2.4668123262742818
2.2905289939137559
2.1031770969457138
1.9296011734833067
1.7332446707903759
1.5274822004685524
1.2850807119839929
1.0661621608788594
0.7655851672914032
0.4863440870075355
0.2379763073619184
0.0000000000000000
0.0000000000000000
0.1709390859303014
0.2980278438137841
0.6863188546518506
1.0634268672992453
1.1679204074274412
1.3328303564038146
1.5568463879822567
1.7893181928333441
1.9967510188050546
2.1868029263050008
2.4098711675211875
2.5724299275209956
2.9370045465470795
3.2383408780194034
3.3617101506178160
3.4823954464564224
3.5898825858805701
3.6971962065000969
3.8342404341112859
3.9449540852402749
4.1974640127660123
4.3812535975018925
4.4105941848593924
4.4441448625343192
4.5366305725300862
4.6151229029861573
4.6513639771654622
4.6992682793213421
4.7276904980230912
4.7326167332887641
4.7263741138356465
4.7216965263876514
4.7198429309489178
4.7198880142745585
4.7068893999921357
4.6691874496041308
4.6421744355317838
4.6278812313146451
4.5177937353662951
4.3642740970173044
4.3028646070832339
4.2106762413559018
4.0862156510541228
3.9367473170029568
3.7923471343963002
3.6458754349532616
3.4823505663339529
3.3575299745802321
3.1936433537375191
3.0636807849639398
2.7893805546729173
2.4678332054364147
2.3634480298685152
2.1906377751909525
2.0533301400316635
1.9191352288341068
1.6897441748587356
1.4942387721539203
1.2389903276495913
1.0330119166218092
0.7321968846421942
0.4687110391938638
0.2273318832295094
0.0000000000000000
0.0000000000000000
0.1564311622689614
0.2999884994126975
0.6526819724254331
1.0222227406052784
1.1525339069784957
1.3086229709664037
1.5461932393505398
1.7795735310644245
1.9944312640168216
2.2183371122900457
2.3545737928336790
2.4757793754073023
2.8331176141265937
3.1542302608066750
3.2767504245887218
3.3871232934885960
3.4775062200023292
3.5745989548734665
3.7010462711940799
3.7982612942303651
3.9945326108964321
4.2449306020548647
4.3211690314571864
4.3299705776133921
4.3433758474865378
4.4522869118622292
4.5229919122829854
4.5832827741513391
4.6292683979035489
4.6275026961053598
4.6157800220759739
4.6206536262766278
4.6200466172766372
4.5838850085132226
4.5301161456510197
4.5651618566843180
4.5891554617623571
4.4259517753298523
4.2543689539637803
4.2229154715583883
4.1842696359128997
4.0620449182539922
3.9415153471714679
3.8220933987964245
3.6790158973018592
3.5066157485758005
3.3499998452837678
3.2131255425635206
3.0496308446474387
2.9060475960088841
2.6529486392357269
2.4141450587703934
2.2857332056288886
2.1386350371535801
1.9985470602028388
1.8426708504406732
1.6184934836807583
1.4196617238505693
1.1656233730682661
0.9024494111674439
0.6629793716507237
0.4216773033356162
0.2138307690214942
0.0000000000000000
0.0000000000000000
0.1641066688993717
0.3319886384419496
0.6035014240107778
0.8857824797227549
1.0490405637064513
1.1986318535701741
1.4676600906830284
1.7135404532556557
1.9680863506705839
2.2500650681914829
2.3173971445189494
2.4134405904086522
2.7580903058203026
3.0831837288993911
3.2041647447263437
3.3159129743625866
3.3991294797684426
3.4847588578628059
3.6056319070361393
3.6984723206871988
3.8538151384217634
3.9874650607653077
4.0856763518710402
4.1617106743104690
4.2169879244756157
4.2933867109709505
4.3640854359001597
4.4221595119053978
4.4743091191673168
4.5013092457615658
4.5063778900722253
4.5060057918136636
4.4984377647010492
4.4803294140958609
4.4647168409184497
4.4535239544365766
4.3880124503357711
4.2196860767520441
4.1865907795604622
4.1399260245579610
4.0655630425536584
3.9577515444764670
3.8699712634639352
3.7524298156412921
3.5893617913239555
3.4140116711489137
3.2744481823826050
3.1352369069336246
2.9739143280006477
2.8326886607940374
2.5978190668115584
2.3787135289086900
2.2192832539831984
2.0720121671508704
1.8874006175568763
1.7037411793916299
1.5126671394044682
1.3258989419823051
1.0891938611602823
0.8316455587223346
0.6477691379414898
0.4167372438909660
0.2175248671943742
0.0000000000000000
0.0000000000000000
0.1727340714682314
0.3573959438323041
0.5220720470596566
0.7111119414093994
0.9588716909370255
1.1394289815777485
1.3629827553611991
1.5967643302023604
1.9093394581805896
2.2076906738157289
2.2631692421152989
2.3311654237554067
2.6911679094992045
3.0062411067944121
3.1291299652565741
3.2366440396111198
3.3013923050842156
3.3842208957420192
3.5394103213727397
3.6075163753907034
3.6487140037392902
3.7345074805118008
3.8419848739441762
3.9515310953292855
4.0288565995911263
4.1126206666940046
4.2064433120684104
4.2634707888783270
4.3222534009558347
4.3683920987127527
4.3871520479736548
4.3838518099633186
4.3741435384593803
4.3768126998518921
4.3688084681234898
4.3249140964477952
4.1747479536476551
4.0942326501162309
4.0689186665170665
4.0332666955417213
3.9567120455756748
3.8985958153636533
3.8250451950767230
3.6694085659889226
3.4961842945740398
3.3348136958224246
3.1980205159003905
3.0201652221456965
2.8667377378303338
2.7351055856390625
2.5128567744712393
2.3076443096605725
2.1397171934410770
1.9800339322775613
1.7823509747843902
1.5524640046832368
1.3883819420985624
1.2135517624024121
1.0189179126556942
0.8188522468349351
0.6462703094302371
0.4647659086774293
0.2257567312913229
0.0000000000000000
0.0000000000000000
0.1699983076905711
0.3602196313948536
0.4898784745154988
0.6024344159679065
0.8456300568470765
1.0740814775673446
1.2773486206788007
1.4822878894828677
1.8128658707542276
2.1449646834770468
2.1978743722322145
2.2433796006977280
2.5165296010352374
2.7938027587292007
2.9278416264270519
3.0990592950469331
3.1661798251628728
3.2236299641033561
3.3851608681682954
3.5249593931859429
3.5680278791240356
3.6385260119256428
3.7370673682219056
3.8456299328696897
3.9251408920408268
3.9867356040063258
4.0501781777959867
4.0911793175553708
4.1407081045884455
4.1873254651438847
4.2195925324081633
4.2543855372680506
4.2653799469926392
4.2596794973891390
4.2126224313541716
4.1508016310400278
4.0577112681250416
3.9831036802358026
3.9491194552577258
3.9084147413551165
3.8153239945770627
3.7567211889923064
3.5868090310418022
3.3662392094284321
3.2747111344383808
3.1501927880956200
3.0224566513778015
2.8525140060474792
2.7567087325687405
2.6373551713853054
2.4178647663995250
2.2100869395151634
2.0212766198806453
1.8655924780312261
1.6786815544678055
1.4642453061927601
1.3394692208900154
1.1729116974881708
0.9987022778379759
0.8164107788768061
0.6435679640995254
0.5008677219220438
0.2326839283277558
0.0000000000000000
0.0000000000000000
0.1574944515880886
0.3155991240260957
0.4575009122858750
0.5821288494877280
0.7539441706807730
0.9267928148642972
1.1851281526613990
1.4008798864253880
1.6688754381499877
2.0258921714730795
2.1445387973350010
2.2039350385160401
2.2791744625965178
2.4349405460467279
2.7110176822781420
2.9293917810428565
3.0316806306675712
3.0930990599049433
3.1937024935940457
3.3755280840973780
3.4599424640385283
3.5288806591114761
3.6045551601482684
3.7165252517174725
3.8495150520444192
3.8839907162430785
3.8982758034578500
3.9105778325547345
3.9271379668755380
3.9841850593416606
4.0351711145863520
4.1105140244676788
4.1827296874574129
4.1517675646243113
4.0674940191757560
3.9554949083685416
3.8435809542410651
3.8576522057851772
3.8641242941738794
3.7556750631624407
3.6164007484802214
3.5383613026887288
3.3195697451414921
3.1047880761161779
3.0318943028028844
2.9724004833982387
2.8752489080753918
2.7277775245593583
2.6420498731876454
2.5484461684422159
2.3336613963943398
2.0299189702008613
1.8719900238462173
1.7323239190520012
1.5824489798160819
1.4461097423142797
1.3084635409602485
1.1562332561603768
0.9830547651366057
0.8046941312964399
0.6340402951594755
0.4551551091217996
0.2183115720024182
0.0000000000000000
0.0000000000000000
0.1554672454912562
0.2970732145748480
0.4459856262522691
0.5801372567852943
0.7319987499512834
0.8686133362634161
1.1260815950059555
1.3458594928244600
1.5759702208144899
1.7763033401209958
1.9779241220613961
2.1534921752105021
2.2231526080779669
2.3189932005089373
2.5572318338183182
2.7526381738350794
2.8673590807892149
2.9753597493222217
3.0948912170858094
3.2350712815050655
3.3288423326740553
3.4095041317748889
3.4714890170329409
3.5130626489879169
3.6121314332203172
3.6690980739604360
3.7033441903182296
3.7677294692914436
3.8145940332692696
3.8626967253136928
3.8918583351429308
3.9001849100773791
3.8719857877876511
3.7992404413324445
3.7196575920100807
3.6226350330733768
3.5705794873021874
3.5401840340251272
3.5066418241287578
3.4351623687496051
3.3953419787838692
3.3350317156084572
3.1611277447289878
2.9545137706781488
2.8893831717088423
2.8336654283592484
2.7228937460972289
2.5829172438919992
2.4835891150141993
2.3952660246192843
2.1468170651178418
1.8822564470181629
1.7936119492578435
1.6625427443654055
1.5272836120219753
1.4252013972717585
1.2646676251630318
1.1283336745532986
0.9396964530392616
0.7597119397329085
0.5845913925824106
0.3713823955071002
0.2050780662592797
0.0000000000000000
0.0000000000000000
0.1550407650807725
0.3199194757820670
0.4439481751747408
0.5632922882458679
0.7143642017652154
0.8613729723228795
1.0823233292965320
1.2958560047480840
1.4469606348749524
1.6122412797628878
1.8067028018228823
2.0226885324229635
2.1317056528379208
2.2223039676868570
2.4235428866114930
2.6008971286089091
2.6989897536443763
2.8144102094518315
2.9414997488994041
3.0827379350444639
3.2176814516248804
3.2904821428071171
3.3282891709099385
3.3483296865718768
3.3770810877092323
3.4199770971797125
3.4513782111229112
3.5657741036439843
3.7150799507520498
3.7503944926863992
3.7517980682414964
3.7045070357581937
3.5446522890795209
3.4279173736197963
3.3462325433470239
3.2691562728308607
3.2231924052391223
3.1757198500570767
3.1221257272379108
3.1418828763833715
3.1526074536857576
3.1297896977673032
3.0055206231171385
2.7789241766092352
2.7175359743973981
2.6795122891740268
2.5917095433199115
2.4558986308921198
2.3522801210453328
2.1286088445093623
1.9406341596497416
1.8394976295557497
1.7374431941626218
1.5744335269405803
1.4486751815614318
1.3352538702917511
1.1952366357976199
1.0933593967672295
0.8963472362442494
0.6798264169224687
0.5463329809702027
0.4008426507162158
0.1979422420152452
0.0000000000000000
0.0000000000000000
0.1582520815188147
0.3652460290949733
0.4344841401895226
0.5389564032049917
0.6908009722271918
0.8542530977455544
1.0456710026002298
1.2589412479566569
1.3873367801313070
1.5470931666608274
1.7425971727602705
1.9287477048284354
2.0454703952893869
2.1324977749620917
2.3073410581633875
2.4909534328874443
2.5895130262588895
2.7037044789515448
2.8269823032071084
2.9229034188354541
3.0433314839532151
3.1174453015170926
3.1469416225393285
3.1703772694438257
3.2128430593473380
3.2553664252692691
3.2788961354359607
3.2983325128723058
3.3584515943900288
3.3859326019733653
3.3829333107160662
3.3480777821157841
3.2802769193878607
3.1925828509026335
3.1389875482013001
3.0785042333583594
3.0397512003878457
3.0049960898641643
2.9790409620330021
2.9695865745247727
2.9363688588341397
2.9069839490295002
2.6982073238037039
2.5121431944315233
2.4708359990218107
2.4342721357230861
2.3355651914678157
2.2221738576091910
2.1197836658023599
1.9449810012716282
1.8742541546903557
1.8034866989886509
1.6300241681307150
1.4388289192456940
1.3522323844884507
1.2420684968981470
1.1277858892215689
1.0446163663582619
0.8380774817454500
0.6289399179470534
0.5321331714142358
0.4373171357679277
0.1999857951464281
0.0000000000000000
0.0000000000000000
0.1363514827980465
0.2968844369875450
0.4126292738897769
0.5275249856508363
0.6586628488369946
0.8017776389033462
0.9976656588189358
1.1910230237865966
1.3012920084395558
1.4361725733433481
1.6936118123948258
1.8747654897862502
1.9783565714948632
2.0602863892148044
2.1593294987338263
2.3275193055086478
2.4724463786497459
2.5898887970944937
2.7245415866706986
2.8113888511664569
2.9106869823461361
2.9493155015564128
2.9584603584041229
2.9807321906373865
3.0205525817942473
3.0728804486100487
3.0879466085390019
3.0557029127773929
2.9866637789514936
3.0044804059241641
3.0334644525987988
3.0147300000038944
2.9803880840113726
2.9508356608629280
2.9240936930884933
2.8809414869400980
2.8483824987521698
2.8114425718162335
2.7781882107905100
2.7967150241686554
2.8168952731585200
2.5413837387724096
2.3054821293268817
2.2450013175913974
2.2153861937553727
2.1485010847818384
2.0489712203879131
2.0142057461881162
1.9535854278883882
1.8335193762841873
1.7781316331715129
1.7133769400603875
1.5323750411775183
1.3579271633056487
1.2709135526260569
1.1409240886408176
1.0342637946846434
0.9250971569671472
0.7713086538804752
0.6488554163098678
0.5180060578194288
0.3875093181615933
0.1822400701966671
0.0000000000000000
0.0000000000000000
0.1280512320683178
0.2475651280288227
0.3742146138911608
0.5077795107293698
0.6315046946113979
0.7627749148021521
0.9520694964564642
1.1236662536206117
1.2150829682302349
1.2733468748612433
1.5159306708596465
1.7177827943246677
1.8119673385965431
1.9568397324910998
2.0468985009265306
2.1412117175935599
2.2512534447247567
2.3297897143334865
2.4468962738554469
2.5427553943105585
2.6573791765434183
2.7696570729557561
2.7969578335982463
2.8280272670880238
2.8734185901519051
2.9121894264320711
2.9155344545539732
2.8936949528405100
2.8583579573293618
2.8364472867566053
2.8214032865344927
2.8030330483956689
2.7829093047684319
2.7662198912093028
2.7474366350277215
2.7137976637700647
2.6789659347903805
2.6379586874173264
2.5916860893300866
2.5683370329276034
2.4640846739093161
2.2672957620271759
2.2186004562719002
2.1401920125554481
2.0845768885007030
2.0284597216448903
1.9639126419943063
1.9151288844209817
1.8004855239030493
1.6720791108143009
1.6047813419223607
1.5419944310233520
1.3934420136540053
1.2365600642579397
1.1432697814282471
1.0243302535875756
0.9500001171564595
0.8481382124156476
0.7381699832871668
0.6515851253319633
0.4822937016515033
0.3202326629840266
0.1668699803561872
0.0000000000000000
0.0000000000000000
0.1156165148062795
0.2294982449444127
0.3258222979084547
0.4375737014302764
0.6067102858819209
0.7453096677212846
0.9094762450456616
1.0641719674678169
1.1323602184008523
1.1894421215896436
1.3299362975446594
1.5029156820370981
1.6062944929903336
1.7611658630956302
1.9423506713355601
2.0000508538608708
2.0314476645949147
2.0800554233934383
2.1609021003874500
2.2488185640939053
2.3627910715506348
2.5564151156227579
2.6363357364191899
2.6681887259253845
2.7005264913516966
2.7599713166805779
2.7835418272623915
2.7316419723844616
2.6798436286252842
2.6470069240058312
2.6069186378480644
2.5751329627126820
2.5513534340044313
2.5670598475509330
2.5869316902554300
2.5503149059885102
2.5127622897334407
2.4508991162818563
2.3813012474802271
2.2810447951048740
2.1238756233562017
2.1081207234337191
2.0969837146374224
2.0184950009277194
1.9581079086721078
1.9010593598838583
1.8397488764966818
1.7932720699996181
1.6631808192526023
1.4908092526213039
1.4253457015304360
1.3592062939153617
1.2275637875045835
1.1144647529484160
1.0311946738060542
0.9489960408721942
0.8812960253582124
0.7854729908886409
0.6869132518826979
0.5832241418286466
0.4320245577068476
0.2975137027095533
0.1508549635278987
0.0000000000000000
0.0000000000000000
0.1028816043669059
0.2133710344923987
0.2903154947036203
0.3499380478860506
0.5318355277378941
0.7047241118547776
0.8389805045854184
0.9930774575247215
1.0547510389910650
1.1286007275029510
1.2644912756055247
1.4151675929286629
1.5094076032378847
1.5791288266619337
1.7252752600266514
1.8128366479560474
1.8439405897531875
1.8812316694351230
1.9538497767465708
2.0535878586928780
2.1782997523674665
2.3031292468278930
2.3810574578372212
2.4426949327910616
2.4997414859086109
2.5434128026013560
2.5582710422935122
2.5340094332017764
2.5160957860259709
2.4992768558586800
2.4678998683527515
2.4263306194363170
2.3898977095922684
2.3777830802477760
2.3603041432139569
2.3160136822303108
2.2763126773725109
2.2309893881690859
2.1837158956753746
2.1148835455545920
2.0456237863190698
1.9908920434115316
1.9189133300408183
1.8457159294127774
1.8043465936341418
1.7579621571965405
1.7013872302656041
1.6517379874290650
1.5041327545470993
1.3629343542372121
1.3164861891116020
1.2553386140339695
1.1384461655105209
1.0295677941633083
0.9413860689384986
0.8644364981867176
0.7805967993904734
0.6877599412007760
0.6015745606837926
0.5021392430339965
0.4007762239350703
0.2869746530175338
0.1456923548812488
0.0000000000000000
0.0000000000000000
0.0869694286231122
0.1787069246531220
0.2594880271917139
0.3244531739236071
0.4627719778516152
0.6146863762515082
0.7548848466265247
0.9040011197476561
0.9749170482572103
1.0451007880869070
1.1726613637301309
1.3145499002296499
1.4156683328332900
1.4711574117961463
1.5711552350440978
1.6217491320929982
1.6390152693029598
1.6671051383123925
1.7083722780483614
1.7976915171421342
1.9934370480343302
2.0788060597918854
2.1272054883497784
2.2069777648503934
2.2972056548007136
2.3507551034357403
2.3823609677004502
2.3443140704472487
2.3277127441422003
2.3485879093923430
2.3753751900655899
2.2455369004755950
2.1783696472705287
2.1781282541366047
2.1914440683588516
2.0766698587612549
2.0292338592509878
2.0207356889658170
2.0057527415846974
1.9685082839093624
1.9177096016272561
1.8438624123956904
1.7439220745084847
1.6763503999983076
1.6426745770493978
1.6195882878182000
1.5772446295726970
1.4578709417405662
1.3098618643166844
1.2572948551713850
1.2223777678057925
1.1501263788073934
1.0351394465815558
0.9190189420847629
0.8393266200338659
0.7747104543022203
0.6921268280961193
0.5976532931999198
0.5209915837311393
0.4440254817668776
0.3649766123968657
0.2891076375873187
0.1425838966474827
0.0000000000000000
0.0000000000000000
0.0732921973800206
0.1441685158095612
0.2304760826891235
0.3077946820542867
0.4182410980670268
0.5470198463617755
0.6838545799097298
0.8190397005493644
0.8863372432006464
0.9434788181669858
1.0404623287463071
1.1096576387941586
1.1732252253206144
1.2210102706282078
1.3196537889055837
1.4529204957161619
1.4894195961250327
1.5472776918243083
1.5883151309728991
1.6147992786220022
1.6855033962969992
1.7441022864360687
1.7851729102561738
1.8417407627686666
1.9252361226225347
1.9865726586336721
2.0513787356571673
2.1208890808676828
2.1168748628005871
2.1135257976917439
2.0413187451603538
1.9925290690330701
1.9834604550345170
1.9766263023462738
1.9212746897506587
1.8536880981683916
1.8396929641671522
1.8227350175404817
1.7857467239207745
1.7384305769569248
1.6633380297462970
1.5965937989426247
1.5432110689555683
1.5029575067389762
1.4724533066680010
1.4376723367375079
1.3541821943817118
1.2717460209354625
1.2203855094978806
1.1632495252410975
1.0962368579318185
1.0241402588557404
0.9357126190275874
0.8338254437553322
0.7700897660222488
0.7083664760836471
0.6199482583245871
0.5316584019869003
0.4651121100186001
0.3973639244245084
0.3250243513334853
0.2801619671285093
0.1246174305158270
0.0000000000000000
0.0000000000000000
0.0595538083490018
0.1179345542018396
0.2117640033174935
0.2929097989983581
0.3527003990048506
0.4382672571259262
0.6265787891971484
0.7479317759697364
0.7996190692973131
0.8483475531290071
0.9251830874770930
0.9358426533660937
0.9346766345850832
0.9472765146072908
0.9894539833582618
1.1890956834837854
1.3530774078214807
1.4303177406084577
1.4801137527407424
1.4431827776399466
1.3590946830818738
1.3790633272251516
1.4020157201529229
1.4562625329325929
1.5866075785255520
1.6080990564819240
1.6435749397338784
1.8824431755169235
1.9702837146814907
1.8066449188097378
1.6081243962134111
1.7228547910778853
1.7997977378896097
1.7553998168245766
1.6182912502538400
1.6296818526728973
1.6368834926817337
1.6280751708995889
1.5916418093262779
1.4848199282097980
1.3883609185545258
1.3309210250513370
1.2953101663003079
1.3223777683802498
1.3428192488996804
1.2166678384442986
1.1108445716096793
1.1106451503948216
1.1215043488820389
1.0521587294513535
0.9722528365155578
0.9117573402492019
0.8384201127994195
0.7533825741812062
0.6976837659729438
0.6274029620477979
0.5428111164196223
0.4717758913703333
0.4125285372402424
0.3409093661091050
0.2749129401503765
0.2019111133667792
0.0908063891540757
0.0000000000000000
0.0000000000000000
0.0491888419891731
0.0885415506065699
0.1776299075441229
0.2735157318299422
0.3112230391223710
0.3434971409104053
0.4723707638923619
0.5870847962138677
0.6249539421182879
0.6610384117353264
0.7167333952600253
0.7687394246590441
0.7928402510708290
0.8340401832615956
0.8893388205006969
0.9526600041494215
1.0700827739747159
1.1226161792128779
1.1349373853798876
1.1320374835854605
1.1464920410746386
1.1868375668216538
1.2032621373575436
1.2175220546364403
1.2246681705643652
1.2522707625183924
1.2987946298574773
1.3451998272663639
1.4110403523811352
1.4368826264342403
1.4493873964479473
1.4604129447747389
1.4667155330384489
1.4438079371991597
1.4188227053272853
1.4094890127610697
1.4043219263231395
1.3869994626726987
1.3271045826418257
1.2551436328999861
1.2142253814984454
1.1740898593454889
1.1494368676808371
1.1335326767876710
1.0913154331348056
1.0193997308222000
0.9871691869525053
0.9571226088848944
0.8856094851446111
0.8202873237953685
0.7680701179941503
0.7126779344402335
0.6421353771659920
0.5802505173524246
0.5422914739950474
0.4976026123854164
0.4510004605987758
0.3947998971006581
0.3403087003170275
0.2820471062632585
0.2309871456270297
0.1600997425972873
0.0816112947834560
0.0000000000000000
0.0000000000000000
0.0433661124246021
0.0845008334348280
0.1333315163066446
0.2133364298549172
0.2786010596657021
0.2959657781026859
0.3180688000156530
0.4009822083121291
0.4664452193867783
0.4824686558004738
0.5057120371873812
0.5867100362778300
0.6392449701452464
0.6900430125139858
0.7288504015292030
0.7774902680357170
0.8911269605692043
0.8322696496810206
0.7933259650082612
0.8225925817922959
0.8679973385693768
0.9678759787643408
1.0578506886031678
0.9523387460262750
0.8421009664448650
0.8596002252148528
0.9050131955183519
0.8741192782292004
0.8765378643178448
1.0607516980270395
1.2600516896544280
1.2299883259241469
1.1601701653400720
1.1465202988314955
1.1467242434737597
1.1833167178829422
1.2056308319355282
1.1456272420450000
1.0669952122719422
1.0412458801322746
1.0243867978033430
1.0059584183891113
0.9859210860871974
0.9403283606116070
0.8689563022205058
0.8651330782430598
0.8523791237048706
0.7604611009428486
0.6376778603693325
0.6037899741382332
0.5709317712997947
0.4920415254085355
0.4309481510100047
0.4032685586182312
0.3879869351053626
0.3855752165750364
0.3743665935647125
0.3086663551568405
0.2655680589163784
0.2442634394610026
0.2080173415681140
0.1337916024540358
0.0666564820971381
0.0000000000000000
0.0000000000000000
0.0359566137921380
0.0792382830387649
0.1053036508267268
0.1273753452239805
0.1809378004065249
0.2333819255980428
0.2607967291681870
0.2927460714743828
0.3212841589612686
0.3420719444988931
0.3755555868408289
0.4330662792717141
0.4814794860890371
0.5245864093701091
0.5437076438624443
0.5573428984742482
0.6125819162031817
0.6776773314355043
0.6865666772474763
0.6973164351222407
0.7008177195403240
0.7057386480444821
0.7254632485114813
0.7314813798784443
0.7208005897700981
0.7079875592438832
0.6932910477813704
0.7106566705176252
0.7529531479396135
0.7994761255380994
0.9206675641635399
0.9444725746688188
0.9094658150780779
0.8630644475012911
0.8193880418545121
0.8212860731699537
0.8484508703400521
0.8801185484830553
0.8891042069016020
0.8853574974229224
0.8693843449239702
0.8469381163666653
0.8224469223328963
0.7997528288026976
0.7687351830255108
0.7290551181367152
0.6681111946484629
0.5953647884484408
0.5484691365985335
0.5069735097116739
0.4519104955772369
0.3927573087943260
0.3563483510250335
0.3267574353295112
0.3076396408233246
0.2962825810009633
0.2666016188365332
0.2240930784373715
0.2039335061650613
0.1899029001884645
0.1316483758426185
0.0656995815512668
0.0383844501641367
0.0000000000000000
0.0000000000000000
0.0262899307396117
0.0559434578340288
0.0702532049236336
0.0746468149552832
0.0830503661838823
0.1338915844627036
0.2023716628401175
0.1996165454137591
0.1892593229284984
0.1869232246322315
0.1964304531981597
0.2544173025405755
0.3482901517800819
0.3650772936597604
0.3610882308514572
0.3345481486357865
0.3066172675700542
0.4783117724003693
0.6109385477549492
0.5699240987755312
0.5148265948342611
0.4488606294053725
0.3876111331060779
0.5161542469801086
0.6249545593252065
0.5223198964000960
0.4456677179921563
0.5024747758492722
0.5760299151603689
0.6136907907816422
0.7015241007131511
0.7161682878256943
0.6791686163737435
0.5176244947874808
0.4177595414563595
0.4300835323821654
0.4877533742758730
0.6056274302148728
0.7334019544767769
0.7385778802830802
0.7207958533708548
0.6806827819486737
0.6453068855976084
0.6638152705028467
0.6844364577551567
0.5856530333790175
0.4927933288171378
0.4520008125677829
0.4262759504497184
0.3964528887183138
0.3476752010396652
0.2950629880217236
0.2655696265241367
0.2374627060491767
0.2163548229117429
0.2032606364847362
0.1742957423013116
0.1512098317600885
0.1381909911914938
0.1072593043664336
0.0512839275557925
0.0274562746129912
0.0149212853398689
0.0000000000000000
0.0000000000000000
0.0137170653171944
0.0271753578642815
0.0332876253047066
0.0391856537035080
0.0484455248139870
0.0571705952215390
0.0855098169026353
0.0961336580349124
0.0959858243793126
0.0973053548904354
0.1066825245460733
0.1197401908663631
0.1576341869951848
0.1771833177215512
0.1757612931446853
0.1704624129074263
0.1854887439088432
0.1962891523405283
0.2632280556122376
0.2669949591498776
0.2528071652698974
0.2251398200499938
0.2254441622807484
0.2282987791168871
0.2654069308151982
0.2443505741034726
0.2454718111065770
0.2512662294375481
0.2797518819430709
0.2980340085252832
0.3314230277583288
0.3390272873489018
0.3114339995191716
0.2466262779563737
0.2292960572341494
0.2244401219316182
0.2530811280672693
0.2801178654347410
0.3384210612685082
0.3598472084813316
0.3541246823046806
0.3388616119502983
0.3315817819449409
0.3274967690828914
0.3146340117995097
0.2717960695539838
0.2534280146656827
0.2282709695209466
0.2122245951423589
0.1978095280893993
0.1725182320829787
0.1464106342810786
0.1327071962565631
0.1190992643026871
0.1096776017473972
0.1021549044782273
0.0877945936731036
0.0742571975935619
0.0648960975105094
0.0488096223055435
0.0311440318144651
0.0151810411579092
0.0072096661302722
0.0000000000000000
0.0000000000000000
0.0000000000000000
0.0000000000000000
0.0000000000000000
0.0000000000000000
0.0000000000000000
0.0000000000000000
0.0000000000000000
0.0000000000000000
0.0000000000000000
0.0000000000000000
0.0000000000000000
0.0000000000000000
0.0000000000000000
0.0000000000000000
0.0000000000000000
0.0000000000000000
0.0000000000000000
0.0000000000000000
0.0000000000000000
0.0000000000000000
0.0000000000000000
0.0000000000000000
0.0000000000000000
0.0000000000000000
0.0000000000000000
0.0000000000000000
0.0000000000000000
0.0000000000000000
0.0000000000000000
0.0000000000000000
0.0000000000000000
0.0000000000000000
0.0000000000000000
0.0000000000000000
0.0000000000000000
0.0000000000000000
0.0000000000000000
0.0000000000000000
0.0000000000000000
0.0000000000000000
0.0000000000000000
0.0000000000000000
0.0000000000000000
0.0000000000000000
0.0000000000000000
0.0000000000000000
0.0000000000000000
0.0000000000000000
0.0000000000000000
0.0000000000000000
0.0000000000000000
0.0000000000000000
0.0000000000000000
0.0000000000000000
0.0000000000000000
0.0000000000000000
0.0000000000000000
0.0000000000000000
0.0000000000000000
0.0000000000000000
0.0000000000000000
0.0000000000000000
0.0000000000000000
0.0000000000000000
