0.0000000000000000
0.0000000000000000
0.0000000000000000
0.0000000000000000
0.0000000000000000
0.0000000000000000
0.0000000000000000
0.0000000000000000
0.0000000000000000
0.0000000000000000
0.0000000000000000
0.0000000000000000
0.0000000000000000
0.0000000000000000
0.0000000000000000
0.0000000000000000
0.0000000000000000
0.0000000000000000
0.0000000000000000
0.0000000000000000
0.0000000000000000
0.0000000000000000
0.0000000000000000
0.0000000000000000
0.0000000000000000
0.0000000000000000
0.0000000000000000
0.0000000000000000
0.0000000000000000
0.0000000000000000
0.0000000000000000
0.0000000000000000
0.0000000000000000
0.0000000000000000
0.0000000000000000
0.0000000000000000
0.0000000000000000
0.0000000000000000
0.0000000000000000
0.0000000000000000
0.0000000000000000
0.0000000000000000
0.0000000000000000
0.0000000000000000
0.0000000000000000
0.0000000000000000
0.0000000000000000
0.0000000000000000
0.0000000000000000
0.0000000000000000
0.0000000000000000
0.0000000000000000
0.0000000000000000
0.0000000000000000
0.0000000000000000
0.0000000000000000
0.0000000000000000
0.0000000000000000
0.0000000000000000
0.0000000000000000
0.0000000000000000
0.0000000000000000
0.0000000000000000
0.0000000000000000
0.0000000000000000
0.0000000000000000
0.0000176072515043
0.0000662257299955
0.0001136306114954
0.0001684187926042
0.0003127893892368
0.0005795791063149
0.0010099188771789
0.0014088214580271
0.0018193675604821
0.0022246631437586
0.0026545693747962
0.0031800653892191
0.0036776911268565
0.0035894924668084
0.0033133001550756
0.0030544699230196
0.0032058153311521
0.0036526833844633
0.0048544628659946
0.0054125985531545
0.0051343691155687
0.0045247212219319
0.0043152330418862
0.0048908418847013
0.0059192180882176
0.0066057442744238
0.0071682993975731
0.0079483251128830
0.0132965126261706
0.0174482988643162
0.0199165969153624
0.0207831588681992
0.0172075812755384
0.0088768324683461
0.0076519075427805
0.0063728290972285
0.0057635712930658
0.0053490257977149
0.0052619287527337
0.0054222365529555
0.0052707446884847
0.0044074260152364
0.0034515135443484
0.0030812589838490
0.0032163001552426
0.0032421065011729
0.0036718143016026
0.0042042789660319
0.0059883946374005
0.0050787190342005
0.0046498919871209
0.0042305173709559
0.0036483033532267
0.0020084461129262
0.0015596073989705
0.0011589589273327
0.0008917349497757
0.0007333223243143
0.0006332794527472
0.0005708348809674
0.0004195154413590
0.0001481934531332
0.0000465713254414
0.0000000000000000
0.0000000000000000
0.0000728059368551
0.0002816468823637
0.0005038111353605
0.0006079227182121
0.0008394084136672
0.0025312549858775
0.0042755354148793
0.0058108491931289
0.0075091889302568
0.0085822186565136
0.0098562385180949
0.0134349414185872
0.0166369731032877
0.0150541304746065
0.0129575979706298
0.0116764035487199
0.0111672898458077
0.0150868569502083
0.0219899373214331
0.0226863984728666
0.0215917660189107
0.0179301103112438
0.0125303532692661
0.0199875555120125
0.0257790415736037
0.0259445461297911
0.0267931774767651
0.0328607555148154
0.0604604443773556
0.0721094992150235
0.0771593879540880
0.0905010529673862
0.0884957230798747
0.0417841815835503
0.0271363612004571
0.0242352071327114
0.0234786323068818
0.0208888437403640
0.0192847669129445
0.0222909606863117
0.0237623727735278
0.0186414339652301
0.0104815317481738
0.0117438008116714
0.0145187190614427
0.0123288759821879
0.0115797392014172
0.0205954805728957
0.0332252237810578
0.0236434326246145
0.0151941729523701
0.0172259011429398
0.0197652996712164
0.0097927666484843
0.0052655191364308
0.0042301201260808
0.0034800976474086
0.0028118598045041
0.0022460804062998
0.0024278942007376
0.0022483366841659
0.0009312097262379
0.0001397492888900
0.0000000000000000
0.0000000000000000
0.0001846705656918
0.0007551495982092
0.0015593669975735
0.0021879518431531
0.0047499793277806
0.0076177602808481
0.0091091887560032
0.0118244831554632
0.0146835570629807
0.0170297472802467
0.0205147014984508
0.0258334183552197
0.0294240242111912
0.0314567197866820
0.0333706910796479
0.0359364227541491
0.0417227471469607
0.0476841397749430
0.0521355445312439
0.0551412553076885
0.0551619651981059
0.0546859576036486
0.0536880048755171
0.0557046727874469
0.0567111966514846
0.0595976058389069
0.0669517166512731
0.0791971959926244
0.1142631754731154
0.1384590299649940
0.1523854965528951
0.1541804988734447
0.1402318590720502
0.1155036910464954
0.0906023940898130
0.0708901055909103
0.0635322187941972
0.0611772157813040
0.0622481442690556
0.0607359725990932
0.0590508270717084
0.0582775536322595
0.0597070163606994
0.0616896770080671
0.0604504866268835
0.0559418402307131
0.0515515614131652
0.0526238392870980
0.0528562047471647
0.0525679967500919
0.0467819128594731
0.0408596930337136
0.0358272413331077
0.0308577835674654
0.0243110205516849
0.0197627271603312
0.0153453971445112
0.0122258688072911
0.0093548393510122
0.0057576533718895
0.0042924830094112
0.0028555992231448
0.0005891504373357
0.0000000000000000
0.0000000000000000
0.0003133878554777
0.0014309827928083
0.0031090667082975
0.0069287020682372
0.0120103537941693
0.0126803515955087
0.0134414398005761
0.0210952557872216
0.0263057952078306
0.0272247999245338
0.0293688714897425
0.0432935654585820
0.0505862118592439
0.0536896216173064
0.0586449538406817
0.0747187884504327
0.0909769562869054
0.0959289773771811
0.0994998687109842
0.1037931993074770
0.1058631182234313
0.1076664989896899
0.1108337655940917
0.1030902250826567
0.1016923964636204
0.1015644193718517
0.1087885489200130
0.1494383453443142
0.2180623860873202
0.2423615351325169
0.2534353445839010
0.2521286449247410
0.2384934233772280
0.2141383963279470
0.1875597240296366
0.1408830495612844
0.1031312165777659
0.1219892481440879
0.1363991739241296
0.1198110496281467
0.1080708530491208
0.1149001222721757
0.1439651010846077
0.1501266117013924
0.1476377985501164
0.1314966522576049
0.1006087869918180
0.0900255203242320
0.0877950728498257
0.0910133574106136
0.0922311246769731
0.0780771238367050
0.0598260580594035
0.0568168787976142
0.0551153597159015
0.0469788664202751
0.0316442359977240
0.0266148098449369
0.0231832533885441
0.0138169300330788
0.0070665151181022
0.0042461320613287
0.0010460477445768
0.0000000000000000
0.0000000000000000
0.0004721104375790
0.0024198577682438
0.0054884517104964
0.0113529880263201
0.0146279807399039
0.0170809283160712
0.0250192478522760
0.0358416927263717
0.0390196492564704
0.0424693089472005
0.0565672384911304
0.0731662371360413
0.0783000973858736
0.0852893251316000
0.0981759735007713
0.1113703042300532
0.1205256048007462
0.1312506282380100
0.1464825139986997
0.1589782857675196
0.1697117195919342
0.1773627131480448
0.2035182112501262
0.2124099281048417
0.2207661067441157
0.2352478142700306
0.2719728338524053
0.3152026756952638
0.3464876951331777
0.3765674213511482
0.4014608638034040
0.3951825187733532
0.3749651007146639
0.3391173978550738
0.3081243341236419
0.2869769112458191
0.2538151323370526
0.2226930092665887
0.2147626127700939
0.2062577004466623
0.2030464172558826
0.2065625325605551
0.2149789399074506
0.2165113577064985
0.2106231041938737
0.2023108587663619
0.1743181191828733
0.1442683329653759
0.1347097413360708
0.1231506587393976
0.1150540468183684
0.1077748639675464
0.0933346464063523
0.0810675797639818
0.0742738701452083
0.0679822613254093
0.0513128927652274
0.0360655812999075
0.0302152127750626
0.0233983319501933
0.0121448984171303
0.0057042655861081
0.0013267517585570
0.0000000000000000
0.0000000000000000
0.0005085154295608
0.0020610835346481
0.0069915042240480
0.0166387479909314
0.0204602488595323
0.0228413956299024
0.0343055688165605
0.0505890123784390
0.0551012200448728
0.0625234781485670
0.0878989119510654
0.1031055374533496
0.1096284692546312
0.1268599640520218
0.1482111233878876
0.1494031035232661
0.1499801227799084
0.1760319224183339
0.2068166429292875
0.2245200682685396
0.2419816505766836
0.2805608871429338
0.3524327742405750
0.3519353655982060
0.3480998438234773
0.4358009895261934
0.4934856910507797
0.5009198066507021
0.5089959245383048
0.5700405448418292
0.6110807873095565
0.5923349884310345
0.5543239544006808
0.5021666978475806
0.4398774428481317
0.4497980639869833
0.4535452452668522
0.3681201632297028
0.3046957849290741
0.3053668389852776
0.3145906814615638
0.3164746615809320
0.3152271748082146
0.3008505045781009
0.2881560220499861
0.2811737904067046
0.2642018027079999
0.2185231845543337
0.1875217962886480
0.1613951043191056
0.1417540043422335
0.1355205695444673
0.1290274416770590
0.1117249653236256
0.0962902619205146
0.0881711059887348
0.0731952020966339
0.0515959183185343
0.0414614021640175
0.0331210756566134
0.0155513555531706
0.0059379390960241
0.0016074840333163
0.0000000000000000
0.0000000000000000
0.0005910983789649
0.0016878492123880
0.0105317420943603
0.0250443806790145
0.0282260148092459
0.0313753099973090
0.0506726374186889
0.0691638840431012
0.0748358116408288
0.0850430588182123
0.1104364775778138
0.1359389067699049
0.1494560378060640
0.1683638819961794
0.1856574964946505
0.2003149973553868
0.2328246088097198
0.2653594403956838
0.2848082565287814
0.3082803036272023
0.3347841126257287
0.3702477731171420
0.4090876595329287
0.4400673221173149
0.4853808176636408
0.5360902567777629
0.5574534214320078
0.5825379775625437
0.6272301346297530
0.6701709052293727
0.6860978729163297
0.6865578678712593
0.6692679004586213
0.6480708990046975
0.6039487304029716
0.5484490494080307
0.5152516977931964
0.4814938230565498
0.4382989403641447
0.4102649562339295
0.4018277323654850
0.3964012692574727
0.3845444268462766
0.3604460395190047
0.3411224706867545
0.3226277937471465
0.2986944597370452
0.2664512473140511
0.2336986036849704
0.2089495938525836
0.1850667443252493
0.1615175656014225
0.1468042981292392
0.1329083216436105
0.1179115962737708
0.1053338672235600
0.0869025006673657
0.0680581060977802
0.0554059103500723
0.0477087779859550
0.0239791311696736
0.0065009581122658
0.0022346027591917
0.0000000000000000
0.0000000000000000
0.0008292253074503
0.0031375672096071
0.0149242327919473
0.0306939108232686
0.0369173589380918
0.0466354669407518
0.0728547448094502
0.0833586148442014
0.0898297879038439
0.1098448645835924
0.1426477696484782
0.1694083906847805
0.1865560380556671
0.2087003816402606
0.2323113446536457
0.2687698977579663
0.3293822208853822
0.3576340753608404
0.3751199596298507
0.4005171750763925
0.4286220882937402
0.4549535241160897
0.4905276720329104
0.5557437171599495
0.6139896130194900
0.6206540605080202
0.6275587654331145
0.6748422124741114
0.7422055182841375
0.7804688820664331
0.7921675202707597
0.7965141167942535
0.7968388894900068
0.8009945879572540
0.7894594385176469
0.6885914965038951
0.5814660952368784
0.5753217126531626
0.5723926782065044
0.5242083954014424
0.4889395346207304
0.4845220816165692
0.4794234054588551
0.4383133047471323
0.3792038298532088
0.3666697494873078
0.3565120509470179
0.3220868120955165
0.2694188275188321
0.2497841645989465
0.2348704215238726
0.1976835078953021
0.1626012003123850
0.1487359050956231
0.1390308430235103
0.1248076951560210
0.1064507865492972
0.0860088164491952
0.0675820580008185
0.0550791241188729
0.0347946753185921
0.0153622424662722
0.0030605769093423
0.0000000000000000
0.0000000000000000
0.0012800620579050
0.0049639013619607
0.0175692147120821
0.0359541230652593
0.0482389137994650
0.0626485862161735
0.0835735329419700
0.1004198762446105
0.1271024595839914
0.1551991882055668
0.1759305453937856
0.2043057647034625
0.2293865771134985
0.2647606966626065
0.3079317711383726
0.3544972376222377
0.3975788058665416
0.4316344458797169
0.4588297906538860
0.4896014333518527
0.5215026195097496
0.5485299450593244
0.5882126000033844
0.6391997583650698
0.6686189014723096
0.6978177829883004
0.7620352542447582
0.8337632885042028
0.8857688432445977
0.9041368630656533
0.9041542148852983
0.9043234933106813
0.9143854656231672
0.9231620688492377
0.9165495889160025
0.9018802752240984
0.8089668048398244
0.6876511345968507
0.6541648841143307
0.6127982540691088
0.5833525643567098
0.5665262482633766
0.5544760215161209
0.5442551579322923
0.4944828428487751
0.4350683278147786
0.4164411728561605
0.3989479894678510
0.3569269132404573
0.3101991723421387
0.2873275354846219
0.2662464742674640
0.2176127495115928
0.1727647437209285
0.1588546686237114
0.1400532055804426
0.1198365068297174
0.1005099794362134
0.0775012381603942
0.0582708931251565
0.0376780494366596
0.0245416970409214
0.0051308071544321
0.0000000000000000
0.0000000000000000
0.0019400575834547
0.0074325079195300
0.0223654632121351
0.0429266685761948
0.0587344062808104
0.0788926580395243
0.1033605778031555
0.1313038952718050
0.1641773892629734
0.1909857651580330
0.2135083524442745
0.2289195066238215
0.2574995376828582
0.3266177407516163
0.3864517117113918
0.4504648042658158
0.4975126175668074
0.5131800565142365
0.5293555846436853
0.5879801018842972
0.6328595496253986
0.6462317275878895
0.6651234130751426
0.7115217392863791
0.7403198208086169
0.7725728653272601
0.8570204983622648
1.0282693984480962
1.0904753116883799
1.0536267757126494
1.0013800942276407
1.0086195437300050
1.0266296567426814
1.0650344084049284
1.0903049054455725
1.1012954073553047
1.0831781310592332
0.8824002169891577
0.7184490989141245
0.6819833356289651
0.6632347024800809
0.6512836811335124
0.6440760842956588
0.6408864736362122
0.6245468567452198
0.5314845362413501
0.4699687840310854
0.4631461337093081
0.4528667647591795
0.3965409652579676
0.3447896179883172
0.3160010470129079
0.2735082601248788
0.2124498252168080
0.1811225547393461
0.1568024556321810
0.1351744241774396
0.1141436391844246
0.0849539937603231
0.0612677181744935
0.0405196222818126
0.0248166241095250
0.0058167530091396
0.0000000000000000
0.0000000000000000
0.0029536228644810
0.0107387150025479
0.0274767806460910
0.0488014957177244
0.0668104795556204
0.0901959811966578
0.1148883824093026
0.1452210789443771
0.1750226441425907
0.2046875481160166
0.2336942777441361
0.2525142189473410
0.3593454548708238
0.4719721325336295
0.5094909915593795
0.5632212516257414
0.5993796654667951
0.6314851636033116
0.7055207081171534
0.7635116203520708
0.7912358660757799
0.8191239860509189
0.8979902862465609
0.9459716181225425
0.9761322484698038
1.0187496303566441
1.1426023887259318
1.2464390087080355
1.2545365670727733
1.2624837261408528
1.2598213703823908
1.2533824248319934
1.2486269561456143
1.2422675299843451
1.2395289548331478
1.2326388984259695
1.1958195551572877
1.1703434091725371
1.0449222948179306
0.9567675315014014
0.9059388631252494
0.8265620561238157
0.7875589911435185
0.7388687800498694
0.6904152384291621
0.6525488153192016
0.5915603969229823
0.5251889896720759
0.4917214571429597
0.4494819301341396
0.3947576282464523
0.3486144967872938
0.2986839215632693
0.2516609698213277
0.2123186121629830
0.1780479184348624
0.1516276093788450
0.1298207808897166
0.0956864667510027
0.0651647685758616
0.0415593493315201
0.0226908187204875
0.0052663688505089
0.0000000000000000
0.0000000000000000
0.0039692820710422
0.0188052646369821
0.0353048175010505
0.0530617461579138
0.0733097282845084
0.0970714801727351
0.1259761627972305
0.1560331396929442
0.1894752551033352
0.2248404299459758
0.2605622649788685
0.2967472287403662
0.4620363338937287
0.6006467969292415
0.6416355998762324
0.6700435392904264
0.7005893557928686
0.7953395123926482
0.9102943268552337
0.9367757579179452
0.9569640619904674
1.0259027641171978
1.1801797623246726
1.1912985795335753
1.1811012309155986
1.2855780130751384
1.4387977230284634
1.4519215419169702
1.4524757490429145
1.4777167320536204
1.5216301094881928
1.5084803140812955
1.4766650886570962
1.4219278796876094
1.3922838131553688
1.3812653967654187
1.3737793260588727
1.3656875770568837
1.3311657636003800
1.2595098843388748
1.2051984699363694
1.0612276380295571
0.9260505405293515
0.8424548013135233
0.7554455849354440
0.7442142855414904
0.7254168889663242
0.6252497033263060
0.5397879327571369
0.4899270465710150
0.4358729316988327
0.3819540735517446
0.3325482865266802
0.2819250920456033
0.2421291647289509
0.2027862309772986
0.1661739805279470
0.1359794816583764
0.1063819811991793
0.0784943832354696
0.0425506836351243
0.0165038609072474
0.0043041390096462
0.0000000000000000
0.0000000000000000
0.0064683050260603
0.0289177930749754
0.0402196371344993
0.0561270953970505
0.0787190213926551
0.1041324112274009
0.1460260570074264
0.1846935576285514
0.2444869007885976
0.2953000875042558
0.3441292115369493
0.4042236726901869
0.5493332782299422
0.7066471606258109
0.7598016929099575
0.8157147246369281
0.8838364725034108
0.9547406680353172
1.0026289585049684
1.0620830492106652
1.1656260830990193
1.2639755092871001
1.4028755866484326
1.4894871535100283
1.5896682328285687
1.6688433620544725
1.6987315460953489
1.6767758511266269
1.6734576794756557
1.6803852655460849
1.6983084768276344
1.6929426800721237
1.6539900879756710
1.5849036042060005
1.5420366967825252
1.5123624725641898
1.5025774621548604
1.4959724574705691
1.4579467667853037
1.3926554140280769
1.3422665958026780
1.2870033626362396
1.1831253162479991
1.1234130884871218
1.0079696426341740
0.8517843825867027
0.8062833486027411
0.7439866303562668
0.6417660780933171
0.5616729498042078
0.4961822072837397
0.4239117613181246
0.3668291815450379
0.3067002539713753
0.2638925897108063
0.2248409114921186
0.1801512799179660
0.1390885745096339
0.1102084842375481
0.0875060319317363
0.0457833596769912
0.0145042834441698
0.0046504906543021
0.0000000000000000
0.0000000000000000
0.0078792398028526
0.0331496469301329
0.0449865629795361
0.0605081741144140
0.0842431724527406
0.1104196981395507
0.1644903826009096
0.2483459485792501
0.3129656788466114
0.3661624778755989
0.4304828900983585
0.5002579480139315
0.6621889520778952
0.7967464698517506
0.8722640412674033
0.9895763387563185
1.0792281934930030
1.0831442576765404
1.0871251952698562
1.1997735416459849
1.3646804856547754
1.5421300216290983
1.7143837646372029
1.8401964066049816
1.9726801244729142
2.0363184926003126
2.0433744679530967
1.9254433601113570
1.8510630354826501
1.8798492291633926
1.9112605748159002
1.9017006929518643
1.8711380913063840
1.7693834504376686
1.6434065453034075
1.6284200856854234
1.6313748588538399
1.6261417972328707
1.5982833588857990
1.5467403120805350
1.5168729463643789
1.4794123886483321
1.4123436948179942
1.3654127407186287
1.2928934475515532
1.0563109121552301
0.8977190043038601
0.8262011940782742
0.7258340150635636
0.6300265426437617
0.5670598897792968
0.4848090858363648
0.4036291588672231
0.3302615012601040
0.2866904285136879
0.2427110727877430
0.1926886316583191
0.1476090316220104
0.1129613659960344
0.0831367440500747
0.0520383754289086
0.0251953993831073
0.0051226518642744
0.0000000000000000
0.0000000000000000
0.0079676713397187
0.0345313380967495
0.0475500213283244
0.0651256107263373
0.0914204097171114
0.1182701284683197
0.1935335789868022
0.2948279100258906
0.3372403640924996
0.3931789896594158
0.4675023511244329
0.5445986427573900
0.7348347762113600
0.9037515679141332
1.0576180493767369
1.1789412024949872
1.2425873628259894
1.2928603923131969
1.4367924291441423
1.5711797344224121
1.6630669718618307
1.8112081039755275
1.9061690530540556
2.0019129306837455
2.0918443967063984
2.1606582347533734
2.1824621465146254
2.1752817645379579
2.1474191873502306
2.1227338395722848
2.1029701922273158
2.0682870667503792
2.0378393324179154
2.0175397471209782
1.9654037125133512
1.8824716951093081
1.8552984796309577
1.8335590214568358
1.8001330188888207
1.7232457835339678
1.6876332343399409
1.6423962329383874
1.5674177373692193
1.4763163367307861
1.3795967063844337
1.2933253802561875
1.1310982441567432
1.0026004342466848
0.8590405613192966
0.7059566534337968
0.6369300980379102
0.5642462613769867
0.4673075201873558
0.3605943251200592
0.3092585961376916
0.2558411931586874
0.2024583815970787
0.1562137419054773
0.1141611644504847
0.0781223237812075
0.0532445939026218
0.0395337572786256
0.0080664418838699
0.0000000000000000
0.0000000000000000
0.0069772639012604
0.0293460837304118
0.0484643394281271
0.0728156303673130
0.1003359874288346
0.1298953589582043
0.2159534999877980
0.3101950685848803
0.3627645793360540
0.4202839066259213
0.5028069852347178
0.5949319508667530
0.8109845317048118
1.1328365192977539
1.2590065832106347
1.3389640285613260
1.4258962530553232
1.5762769589057646
1.7742557008045161
1.8515647517913643
1.9268909928339146
2.0502368523897410
2.1206915134998390
2.1571857148184268
2.2050458134649387
2.3151319946020776
2.3652955474250059
2.4044267323348230
2.4157963879570112
2.3655632263534305
2.3123591793773102
2.2469198975727482
2.1858314408518815
2.2380983330943423
2.2892517723379950
2.1803425415653357
2.0282090853499324
2.0299785682929681
2.0289883293242919
1.9336850459218646
1.8551902021108930
1.8004918783352837
1.7222540976450689
1.6179853854186630
1.5111773521653531
1.4301419988759303
1.3383131501936001
1.2161587252908075
0.9877772231227031
0.7936532723685291
0.7161907847193066
0.6417400415772195
0.5488865955811616
0.4291744024183300
0.3236066264235704
0.2607157703679134
0.2118318804014274
0.1653165383442719
0.1156188557409778
0.0723343637382056
0.0527871572695147
0.0367176145493700
0.0087755512866595
0.0000000000000000
0.0000000000000000
0.0064730917612307
0.0240021911713216
0.0483382303666036
0.0803541918877134
0.1076118835785679
0.1404018741116208
0.2407961969422243
0.3391471638656029
0.4355144130133103
0.5124503939806768
0.6465865889331359
0.7829137110274204
1.0163294032880099
1.2718059246639044
1.3230901930603498
1.4123087839938231
1.5540793727071724
1.7177191143597133
1.8587093305814599
1.9605097803950280
2.1092960528646825
2.2294589984528588
2.2936338681921837
2.3422215181326185
2.4668133875021687
2.5358772840798172
2.5461233158458314
2.5421733483408442
2.5223680900455316
2.4893502809230776
2.4562329699409613
2.4398531546430546
2.4295781276387656
2.4109252599158437
2.3871440823030947
2.3603963737866636
2.2564299339356797
2.1447127318882657
2.1000205007291530
2.0465815025216991
1.9839087570085880
1.9077124169905084
1.8115557228670904
1.7216092216776600
1.6215863662273982
1.5061351977077611
1.4035830037398103
1.2976370268696569
1.0638109194221579
0.8483137442911615
0.7636602198614665
0.6886543762699203
0.6043117876198831
0.5582812866718818
0.4017469470709770
0.2704146960270245
0.2303690054923790
0.1868996763577968
0.1225442126755746
0.0667542649356023
0.0516571671002039
0.0332091051897900
0.0084787707597173
0.0000000000000000
0.0000000000000000
0.0061091138323542
0.0238838467346115
0.0480639916814548
0.0795986367330502
0.1149813748620910
0.1557057296013925
0.2715669486759040
0.4342848626352628
0.5251487824769748
0.5980868746766433
0.7829871085098506
1.0246473217155763
1.1936230932866454
1.3123266874518171
1.3799546103326774
1.4720856408477749
1.6314325477892884
1.8614329601265442
1.9966031159428144
2.1278486049160588
2.2840788272109060
2.3901820873577697
2.4672059018395456
2.5669193351913915
2.6950697758542570
2.7329830615605397
2.7336657349243736
2.6946757576175031
2.6410013052691834
2.6012587904219950
2.5614409212674221
2.6088297903226199
2.6662979238834366
2.5813286397209851
2.5151479610824325
2.5028517168804783
2.4596238175230063
2.2705543781108086
2.1749969768799620
2.1499012492372267
2.1258460320137198
2.0366837037247301
1.8720996504664154
1.7992131309326049
1.7452810435932684
1.6248417283605141
1.4622410285001732
1.3511957200451739
1.1383935691636715
0.9091765650525553
0.8001197456294196
0.7154654471778787
0.6581574469649639
0.6059012484496572
0.4614316160406944
0.3154659167009732
0.2502367426570621
0.1917518288667665
0.1331243254689121
0.0769626605388382
0.0532470293791440
0.0314146702381613
0.0081918330691146
0.0000000000000000
0.0000000000000000
0.0060282063859749
0.0244647987866115
0.0484418599381679
0.0780271382951147
0.1326903283379793
0.1917274139956432
0.3260501220042475
0.5003162834303468
0.5656559667320629
0.6416186390731951
0.8720797193106939
1.1172444566249418
1.2416514640706111
1.3485838474605882
1.4954503356861806
1.6170947454759950
1.8182568311602747
2.0469125735939775
2.1199969895021140
2.2377612323765734
2.3567781488139916
2.4734345647458476
2.5744124816433698
2.6625468489495874
2.7490771250457384
2.8204435902330673
2.8720594771328543
2.8966735857415400
2.9181816111861822
2.9310784710851525
2.9461319170755718
2.9227497972046397
2.9020812601329049
2.8829813257401899
2.8589771028345337
2.8390298129399398
2.7834461437168931
2.7043247984788015
2.5538890714367968
2.3702929732643150
2.3264964179694099
2.2951121496245568
2.1438555379890727
1.9254135666878616
1.8733040044046643
1.8115642438090584
1.6264982198714057
1.4785013972699770
1.3013736921020751
1.1192285964608606
0.9402338336357985
0.7516656088104614
0.6977900191441132
0.6316168624343210
0.4832795862505570
0.3486157559779963
0.2683733220777351
0.1961293354366836
0.1413293643489539
0.0906506854564774
0.0599169514260037
0.0319844213088489
0.0086454370959492
0.0000000000000000
0.0000000000000000
0.0060260123114046
0.0234262217339418
0.0500283498860605
0.0836629226950887
0.1488053428055206
0.2483870347066275
0.3752001746408001
0.5125048011946186
0.6003832806578078
0.7289064451587374
0.9582261698753453
1.1745264813386191
1.3097818999453463
1.4480784966683200
1.6051816362180342
1.7351201945926793
1.9564870461265502
2.1404661555277733
2.2197326193622455
2.3137703060886543
2.4268365248931438
2.5831305372664137
2.6867289563411272
2.7388806979805604
2.8065402065620084
2.9380903333766013
3.0271570868284905
3.0979533298684787
3.1790467102587940
3.2427065900823382
3.2930513713223144
3.2297151632800869
3.1367711960758951
3.1459170528303138
3.1637707260716925
3.1678722066794363
3.1500384812337554
3.0767996909516899
2.9028549694219876
2.6221836094089839
2.5162861127268639
2.4874121379820227
2.3980452953048021
2.1092928027340765
2.0149752213973491
1.9461188260637208
1.7355382963044104
1.5447927112263531
1.4684574433236648
1.3602435515748490
1.0585761776025815
0.8136476452998787
0.7411573936674519
0.6615806338959289
0.5125199368381884
0.3717569029816551
0.2875735722206711
0.2076979027558376
0.1555058602498161
0.1073447998031044
0.0689571681739804
0.0401139566086596
0.0092123016675724
0.0000000000000000
0.0000000000000000
0.0065386155531177
0.0227856253031404
0.0597794782805393
0.1044254241596125
0.1888963328120020
0.3172598515986874
0.3968056476921330
0.5081579065542736
0.6485348972825967
0.8348794777231572
1.0011726851626082
1.2113953035605600
1.3674000912559328
1.5189396287518730
1.6599843810295627
1.7884391434866960
2.0302250882759409
2.2403682920565515
2.3766662613196092
2.4769056571362227
2.6277703623794961
2.7766146407877677
2.8368681903544606
2.8896726001144319
3.0623857015655922
3.1604186510859180
3.1914167646717155
3.2487225961416635
3.3034944334461747
3.3530470420911089
3.3840796911092617
3.3979930199215693
3.3980124772870397
3.3828006268555368
3.3643980309224468
3.3281922123722678
3.2833377488715252
3.2173395312193271
3.0575802700491090
2.8937091422196306
2.7825529615906137
2.6993107815082569
2.5425504909151226
2.3328408562267948
2.2115710151563075
2.1185037563675193
1.8573202001292242
1.5696300487780257
1.5042648832098175
1.4407954619998999
1.1743055100928466
0.9031820608991808
0.8090837594079806
0.6969752644535000
0.5400782902268763
0.3942610774325878
0.3080289215646471
0.2198704621702165
0.1655637953903493
0.1206526863537787
0.0770838648408966
0.0563974367320197
0.0118137444536789
0.0000000000000000
0.0000000000000000
0.0076618574020687
0.0308805689855229
0.0722895795677412
0.1307434697712688
0.2143853245420545
0.3227187518429038
0.4117285743432613
0.5090394900776893
0.6712047845999387
0.8468235715145818
1.0353986681192879
1.2585601152233310
1.4183861388709800
1.6018219952374140
1.7303815720539790
1.8391362747499123
2.1088808077728398
2.4020673518560232
2.5303006212716035
2.6379376388603211
2.7932566043057441
2.9030481284749645
2.9727787900309499
3.1154927225635372
3.2823588507526393
3.3125959315132349
3.3240151606929551
3.3775701478332074
3.4251031878750173
3.4569231316103108
3.4904980159966108
3.5603141841538650
3.6149992460565534
3.5981041964008016
3.5528018472654188
3.4895384811762300
3.4225974064325109
3.3549734329812235
3.2201919549556455
3.0857974339246015
2.9987536422140737
2.9028571424603151
2.7641562798143515
2.5669568059639936
2.3549548542473655
2.2227542119532218
1.9570664804707960
1.6365812002616291
1.5487862226014808
1.4473623065569245
1.2821646744274335
1.0764026927059540
0.8741233347784995
0.7227148176854915
0.5727384581816416
0.4285663991808283
0.3368221239608887
0.2487874287279356
0.1738715678466916
0.1167743715656586
0.0777451828453553
0.0492228706232654
0.0115694186208659
0.0000000000000000
0.0000000000000000
0.0086291169824675
0.0358243359838169
0.0768244623088039
0.1374449569954500
0.2150441777419077
0.3172323567268370
0.4186281326927698
0.5167442590370576
0.6945096548753744
0.8412696601627763
1.0630835665365297
1.3151330344320775
1.4729610259188777
1.6832542202174194
1.7914090063982828
1.8915557886064569
2.2088622988065967
2.5114360744835023
2.6025325080074388
2.7059523327127772
2.8682267720070831
3.0094738566581340
3.1456690773675406
3.2689391966009613
3.3378971716397303
3.4000743811961569
3.4633070031550339
3.5078101469790521
3.5421650102733655
3.5820087979336344
3.6448964737628859
3.6901353985248417
3.7011083565069018
3.6985298582809336
3.6653454348898489
3.6038130283738878
3.5290861923587897
3.4591284760378040
3.3405097430067650
3.1986993906416030
3.1098079335174051
3.0000628658470911
2.8590581676009896
2.7342037727074193
2.5107602274541398
2.3054838149601844
2.0249067363366806
1.7131178596583119
1.6040098559284028
1.4587849054755895
1.3102129927944364
1.1634153751094733
0.9322999235774390
0.7416765192178321
0.5986768296335115
0.4571692904261777
0.3594495732684710
0.2803902143328707
0.1826334343455432
0.1087570021929633
0.0744845142823157
0.0431739481491355
0.0109062415611332
0.0000000000000000
0.0000000000000000
0.0091839784589997
0.0372921017387122
0.0796157881409215
0.1381011598103463
0.2122010702268415
0.2961547674408616
0.4282152874449549
0.5852629263280703
0.7408696792495985
0.8723515184166766
1.0622773345057552
1.2648016471379788
1.4990649704275407
1.7382200938232184
1.8520519505215136
1.9834049397568798
2.3029294838538754
2.5824032687779233
2.6709334522685424
2.7490800137332481
2.9267296138041035
3.1740589461144215
3.2940645030059943
3.3591033176449079
3.4214377289472497
3.5009448200485975
3.5895148892653510
3.6099287774696940
3.6224268449892034
3.6985537115520533
3.7826998995628593
3.8002702074056613
3.7964999747148980
3.8011088036820331
3.7901604910404014
3.7267779950413780
3.5980925502741590
3.5208387940603423
3.4519996015597609
3.3300324687326373
3.2162574248031697
3.1030277058398763
2.9472817932155602
2.8142898886423917
2.6101116993359819
2.3994120956503666
2.1158459466437818
1.8042587555955816
1.6800936589415558
1.5323653855943509
1.3411916087374340
1.1952008425951384
0.9672835032245335
0.7586426757951211
0.6400537625952771
0.5044356037468133
0.3749642364228535
0.2794063213826615
0.1858968612787631
0.1122029592164510
0.0719944533444562
0.0390665158933399
0.0098503580380129
0.0000000000000000
0.0000000000000000
0.0091319481224670
0.0372093479392637
0.0803513236070845
0.1389828518650570
0.2178585316166478
0.2823762464080919
0.4709634454081036
0.6766366194192133
0.7737024601225023
0.8961722500010402
1.0680239605641066
1.2006236881030676
1.5101804563211796
1.8143127412144460
1.9451390923786180
2.1212434609754367
2.3826148174100710
2.6394607117726729
2.7411817745613480
2.8115656118902321
3.0988992487073763
3.3167741434686442
3.3683421341392634
3.4437640520046773
3.5746028333680968
3.6690612273991468
3.7473658615702488
3.8089417371920717
3.9498819850551210
4.0076238188569953
4.0112091953019915
3.9907771363601943
3.9614752155527735
3.9175756986505634
3.8902932161196300
3.8705483770015157
3.7615521616546834
3.5759322604572485
3.5100181154383177
3.4122556290441408
3.3009388701187548
3.1964170167402770
3.0230543272390178
2.8624937688489331
2.6654573836437323
2.4670278719717698
2.1978345604526885
1.9118747959329794
1.7777708533923904
1.6983162714346607
1.4838227027311062
1.3105450778686405
1.1021728744155150
0.8104989670792081
0.7130927517501710
0.6087795732463994
0.4122913185082532
0.2598741176602698
0.1872891974912990
0.1215699272976662
0.0687256815994868
0.0314188011906963
0.0084658683548887
0.0000000000000000
0.0000000000000000
0.0087878277759562
0.0353029027157930
0.0806652508251512
0.1447740297719531
0.2266955817328161
0.3505884742937966
0.5255399834129060
0.6940424600792503
0.8052735082102122
0.9359994457021403
1.0899093745386816
1.2272183090790232
1.5021353082026976
1.7690239530378939
1.9977793302144438
2.2588005795672572
2.4642166310515612
2.6566008511248831
2.8002549139206727
2.9872940906546854
3.1998801152822303
3.3204294653162241
3.4218873231800910
3.5780158992409308
3.7237606208452023
3.7976351130093269
3.8920030907442831
4.0068325365627979
4.1723809870906683
4.2298796702175538
4.2262275005234935
4.1734016690800013
4.0877032812752825
4.0194630021517144
3.9853705306932850
3.9610688642123275
3.8842462676623781
3.6951542089704605
3.5767700030453629
3.4742581843314038
3.3707268106482626
3.2620230807848234
3.0695890743572249
2.8651864574896764
2.7017049246198557
2.5329471543275206
2.2859481610220094
2.0252984934973379
1.8508945395854715
1.7056871345944833
1.5564309986995319
1.4064715594572061
1.2630881509128851
1.0571803042935519
0.7644260961565748
0.6069646659824113
0.4307816234896778
0.2784108814163935
0.1903674181753656
0.1115504013030753
0.0663917649259124
0.0293676592228655
0.0078016914376839
0.0000000000000000
0.0000000000000000
0.0077621274863713
0.0257756022356696
0.0782833333782625
0.1693422865179553
0.2624502833637530
0.4464021409752352
0.5398410444281238
0.6893952072844489
0.8112587160253965
0.9580378400763678
1.1175258557167582
1.2620891678825175
1.5214216933047384
1.7201355438017281
2.0379606329542104
2.3541832824677420
2.4882340256313786
2.6517867935579860
2.8696334705476070
3.1071580394235503
3.2362745675114799
3.3193061122900929
3.5660596095908170
3.7457499065930930
3.7983629673414452
3.8795127461119590
4.0257601633340290
4.1438812536100746
4.2459298628948536
4.3029341370776484
4.3024705790342148
4.2873431532752289
4.2254218209983820
4.1330348728728028
4.0839809027063438
4.0277344524715906
3.9355659224757340
3.8271934756940049
3.6897522393152284
3.5596178287106310
3.4534341829459256
3.3372780304083736
3.1169095012153396
2.8577532605878173
2.7121905060588971
2.5602371013130418
2.3334909176943270
2.1286780719713931
1.9147710690872297
1.6944257492815700
1.5684191855974308
1.4199852175963006
1.2797308566010064
1.1943039434817484
0.8609069761830498
0.5815478343265833
0.4462962614955912
0.2970691139297117
0.1989606308354866
0.1107021544018319
0.0695518211325190
0.0307074864821230
0.0082963038333823
0.0000000000000000
0.0000000000000000
0.0076202923614983
0.0294997509898547
0.0697481258512403
0.1265262566189355
0.2682579457960688
0.4571665268087642
0.5423523921130260
0.6532264472087995
0.8111801979582810
0.9656086445007468
1.1435543273406148
1.3821982422010095
1.5860788579400955
1.7297701688939842
2.0548227874181326
2.3674654174414198
2.4924346364637784
2.6263788005659134
2.9010593773675528
3.1831268838075863
3.3023641028401625
3.4385537881318902
3.6417030772862273
3.7672974551857856
3.8638294413869105
3.9755131532096852
4.1298259276017921
4.2409394460291008
4.3268772232236152
4.3710676958101971
4.3771037877359928
4.3720124137786316
4.3292426162751667
4.2320165385102939
4.1532187593599579
4.0857035134328710
4.0100672533469366
3.9083719633687140
3.7663089793954838
3.6175895915876923
3.5223035797273394
3.4135624440929928
3.1579050523160062
2.8819411861678796
2.7212238042823111
2.5409666810360321
2.3672473378506025
2.1903106776602455
1.9609896345630484
1.7328311715013807
1.5868994773035057
1.4385028436273439
1.3016263109331621
1.1632782272556641
0.8969387443845457
0.6572635088885403
0.4702622696169007
0.3138731605071176
0.2145632419948502
0.1296093844048729
0.0780150818101425
0.0387055090735221
0.0092523722357810
0.0000000000000000
0.0000000000000000
0.0079801364279680
0.0311232555563777
0.0701311359270577
0.1166625154944538
0.2619226288300461
0.4502250413820113
0.5315870352879331
0.6057543375343277
0.8169619325866786
0.9918520033970456
1.2511641234634487
1.5387060471884744
1.6328124626869398
1.7558412093305888
2.0731794121967644
2.3589514488433978
2.4799080049589155
2.5768054299868477
2.9304259906929748
3.2649728139681935
3.3655319240105310
3.5290812924855572
3.6691626078806943
3.7752186052918595
3.9511441293831853
4.0903441966764591
4.1975613101231293
4.3014465308486152
4.3761359617498572
4.4189776371744314
4.4300334155789125
4.4335519579763067
4.4133635834982030
4.3670530749288616
4.2855049840486936
4.1651367015663183
4.0807969479603976
3.9804087294077837
3.8328289946187288
3.6557534311393014
3.5612639136919046
3.4625401066601449
3.1981572728373813
2.9179921640468778
2.7387549820485484
2.5255044824899198
2.3811013013966220
2.2175402325600451
1.9838849069242290
1.7638997640533645
1.6079537753123920
1.4604424043886619
1.3169105668074721
1.1418059043485644
0.9061905100064512
0.6806905630751499
0.4806490331058189
0.3209712738532821
0.2227862828979863
0.1440091780619907
0.0856327112245085
0.0486748343947601
0.0106497939513456
0.0000000000000000
0.0000000000000000
0.0084330029394815
0.0347749725865207
0.0729817928980217
0.1222974066253582
0.2595001847756979
0.4374127504385330
0.5191403957494273
0.6009301750133451
0.8321895744307152
1.1160820347529263
1.3186113000711430
1.5299666658676594
1.6763131944133600
1.8650655621900123
2.1025385153731446
2.3160372464177232
2.4644342641973340
2.6001783629135287
2.8846892124297976
3.1857932167826357
3.3912524831564941
3.5812119275103149
3.7181393402279816
3.8573313166687702
4.0103167840406551
4.1228671349817079
4.2488999878396934
4.3514964188605028
4.4164036954223640
4.4505983026836669
4.4649191767391931
4.4768636928462131
4.4735075522312826
4.4382567827013615
4.3686311267411364
4.2542135736746793
4.1333142305300266
4.0073896965981195
3.8792477359297344
3.7190247759678563
3.5893199655258776
3.4597592510024882
3.2244521981654031
2.9611778258252248
2.7647934301765740
2.5484529691517213
2.3975121836062132
2.2429824573574697
1.9991006293770643
1.7630797920484611
1.6254177590328847
1.4866271334358969
1.3485493569000302
1.1998674528890905
0.9179181597258602
0.6774857588791044
0.4874261567476286
0.3240053821371385
0.2295111024475613
0.1553297833996245
0.0892714419983968
0.0438703422828778
0.0101716642918225
0.0000000000000000
0.0000000000000000
0.0099470863208972
0.0477906356026663
0.0825259322215778
0.1403604228280013
0.2598570034116846
0.4123982134318298
0.4990464536903298
0.5977122711943273
0.8515922153705112
1.1818007440176939
1.3287256179554443
1.4920276744528997
1.7160092972046825
1.9571809646018015
2.1069889429417015
2.2905895953231301
2.4565017060562764
2.6164535406924903
2.8681010317046498
3.0860129451470604
3.3930482308772834
3.6449780641291776
3.7745667002483811
3.9191311031035330
4.0308110010200888
4.1359260612941329
4.2836073842265634
4.3833266010116514
4.4366013913509947
4.4708043975064076
4.5017713432783930
4.5060972365294143
4.4918971559801761
4.4594200757543749
4.3975423613277069
4.3192256869809178
4.1818769153107969
4.0128867001691839
3.8955852488701650
3.7827416088462522
3.6243653025884881
3.4435233286142304
3.2451086591056604
3.0011740452257700
2.7977471593353593
2.5795994258709420
2.4118151822362321
2.2626595521954678
2.0062707691520707
1.7579688927712285
1.6411764731489691
1.5121852642721456
1.3812329521141957
1.3031215320753855
1.0069978524539194
0.6832301677439147
0.5098987060326362
0.3190118871874650
0.2277861592983955
0.1736773425586605
0.0877855672154848
0.0290373216486739
0.0091137376360238
0.0000000000000000
0.0000000000000000
0.0091857052851368
0.0399273733145733
0.0880101997460499
0.1563164313301505
0.2601866066172676
0.3818669410863105
0.4778938365196705
0.5754367396861961
0.8365607491526241
1.1510408307608144
1.3260795153331966
1.5227675313689504
1.7224674452255890
1.9440973906744283
2.1032310759348469
2.2699870035553222
2.4548559305319850
2.6200493381955146
2.8583322645139750
3.0612466396407316
3.3976405417579736
3.6965346794912142
3.7979761103491043
3.9079865004284251
4.0523316611789220
4.1886773792779151
4.3197711560769223
4.4017398571890958
4.4464497318279790
4.4754675672297841
4.4917255365903985
4.5036921303178223
4.5030613475939463
4.4587804523843264
4.4074826015461186
4.3493187986169826
4.2041799943203362
4.0096838266537205
3.8989665923125014
3.7676983292606936
3.6311084901562691
3.4821810977787733
3.2699868545677795
3.0435969964073082
2.8292511788082209
2.6113334174082303
2.4193631886747196
2.2079699065841329
1.9971409604787378
1.7893436564599057
1.6575450194155783
1.5282444416976979
1.3983855920554569
1.2694310216020639
1.0994740177735658
0.9144375593692199
0.5251660458542452
0.2841398329382060
0.2132082785709380
0.1533329277640070
0.0843494413230512
0.0345554145112579
0.0090690413407644
0.0000000000000000
0.0000000000000000
0.0079394157266368
0.0345099963862572
0.0883275314359547
0.1655882677424624
0.2648134476887049
0.3701828266285503
0.4678738189263634
0.5600732752657951
0.8075072639857386
1.0823154258445387
1.2955709840398490
1.5381284705897023
1.7025698657921826
1.9057535912583177
2.0845028982639580
2.2534925739712168
2.4680500419370337
2.6377182592461952
2.8727643550981314
3.0433131558586530
3.4025598002504256
3.7160091073680230
3.7876604766082287
3.8647283559499819
4.1471937600504543
4.3037216472587536
4.3442938394333810
4.4042297160248847
4.4385229350487414
4.4619319981476364
4.4710155903546029
4.4799456079647042
4.4936320621627432
4.4317160478105695
4.3790044611316885
4.3393999653324329
4.1947761585160741
3.9806859361137272
3.8867753663323521
3.7403796209457951
3.6213922492049360
3.4985994052139300
3.2851591916139533
3.0899739992824888
2.8590999056280229
2.6633465356698367
2.4156482401788533
2.1297940477430650
1.9963894832903959
1.8200286586072933
1.6745266256685454
1.5397417415041670
1.4026703493658224
1.2416773591577930
1.1051456765468715
1.0131830880196613
0.5595358861807711
0.2495721962533101
0.2018015941319630
0.1411460900643526
0.0844847264843675
0.0398267316016808
0.0103313275584147
0.0000000000000000
0.0000000000000000
0.0059575543452883
0.0234422091715606
0.0886568265464625
0.1923616987030604
0.2759223800227742
0.3694920759715494
0.4633696134142062
0.5648128609955239
0.7709490907912986
1.0003584187634968
1.2518501003566569
1.5065824467489808
1.6518848635743433
1.8262655014560014
2.0743538864360538
2.2935066570779177
2.4970077355630402
2.6816917607054558
2.8931888269220516
3.0991695998125257
3.3110517170784033
3.5651526941742433
3.7791111846014132
3.9127190692730398
4.1437238858873915
4.2870750125501402
4.3388596604080201
4.3816834652197132
4.4077952990381251
4.4274056649525466
4.4345325926143060
4.4306897439419410
4.4096768844967444
4.3943855359674631
4.3456481702646554
4.1855103399222271
4.0650182087805540
3.9635755149391447
3.8643076742555209
3.7478125420850223
3.6049273467432177
3.4341351069603383
3.2611701823038919
3.0928505113284470
2.8448592996304329
2.5900354703837127
2.3904742233985465
2.1781714328634720
2.0027091504654884
1.8263568138730879
1.6781815923187009
1.5413957880195885
1.4122264343584889
1.2820905844953971
1.1055395480784627
0.9332893767924706
0.5213199734609616
0.2693448399058218
0.1989519672646643
0.1306682766785894
0.0865557392426592
0.0495451976687980
0.0117738697226693
0.0000000000000000
0.0000000000000000
0.0060055918155497
0.0144116304185875
0.0929698426582699
0.2307006315998355
0.2785934653160505
0.3691802477403087
0.4597134682855080
0.5670852986134063
0.7565785331309792
0.9510242782818262
1.2078529843710533
1.4610896260131581
1.5932489702534358
1.7027306257276917
2.0620234940248747
2.3889694750265495
2.5260061275288646
2.7075299733331954
2.8924850828331095
3.1106243870970141
3.2880665545865773
3.4185861840232592
3.7488477045316042
3.9929878036037723
4.1217298637939308
4.2406964571945407
4.2946468312561965
4.3345592314701920
4.3589429343582466
4.3769898376099095
4.3817623432421353
4.3784117978936798
4.3629684773176400
4.3456607213303373
4.2666158591604884
4.1036050932668422
4.0388277009814209
3.9483121756980690
3.8463922289082126
3.7490557465478904
3.5821930554824775
3.3837224425561439
3.2421707001097624
3.0819008069133642
2.8212696349278801
2.5569579242461988
2.3852514679257526
2.2078596385340061
2.0119886411440753
1.8219157415586444
1.6661609575896512
1.5283643041494928
1.4070136621575942
1.3354992581007332
1.0132864125995784
0.6812780916929935
0.4957708087141948
0.3033427530315916
0.2107727869789682
0.1259553096980591
0.0889026134686143
0.0584436296422489
0.0132766866578212
0.0000000000000000
0.0000000000000000
0.0065925948057012
0.0352234323743949
0.0984393261145015
0.1809737148009398
0.2726304896542187
0.3716780061235865
0.4519768872864905
0.5401036620471149
0.7476450244334579
0.9778647570978729
1.1656019634555783
1.3757418559097769
1.5454430872562728
1.6721206793768799
2.0499528711004764
2.4071523823816143
2.5198299577246450
2.6596105369700704
2.8673084421548505
3.0732237421351707
3.2673875107464418
3.4152877080899113
3.7057235525489189
3.9465873942138590
4.0946900740445411
4.1860441759996467
4.2130653547004870
4.2544630728549491
4.2907201732706932
4.3116901556944827
4.3179898183793828
4.3128127107071350
4.2926481360094320
4.2531033235402571
4.1673704430941525
4.0814024432230260
4.0112145714902709
3.9011165269887615
3.8121475460903782
3.7304342863513473
3.5624778800614512
3.3708996143105092
3.2230826990982311
3.0545843792083258
2.7957037292680318
2.5245662051556366
2.3791874133507442
2.2387225523214278
2.0128857356002445
1.8029232529251256
1.6417675069121882
1.4845713680773629
1.3723230843601562
1.2914914584870532
0.9299782982995013
0.5859313734027188
0.4664919258457857
0.3364875071926582
0.2281453718107653
0.1400145358913715
0.0902022645267209
0.0544222242332239
0.0128134654180871
0.0000000000000000
0.0000000000000000
0.0115860097733501
0.0635010447457462
0.0971687728825325
0.1500748243169241
0.2526886477812524
0.3696166237377340
0.4458021143681089
0.5121075475493747
0.7282061104843485
0.9940410091641720
1.1281899956054158
1.3013938688381943
1.5123910240466194
1.6684735842745071
2.0384606472312914
2.3871149991904019
2.4818222789211228
2.5859671547632317
2.7934007385649626
2.9439917822130535
3.2127357479140843
3.4253626123323784
3.6048125968889742
3.7948034952046079
3.9718895522233129
4.1196959433083373
4.1469474961073880
4.1836069486581113
4.2188516315417353
4.2399667071473619
4.2448721320701814
4.2378141473442543
4.2128500328288672
4.1724545007986240
4.1087418025746310
4.0453947700523996
3.9476481725239285
3.8250490642147374
3.7652311266380507
3.6961938058513351
3.5315435867427265
3.3546433741418475
3.1958507126609055
3.0118619966667097
2.7630842605309174
2.4870853863165183
2.3563467947036458
2.2567753444838177
1.9745653722394698
1.7263620763979255
1.5646922417589231
1.3872720237828018
1.2843075744220462
1.1994312528562503
0.8860368527236941
0.5708116499246075
0.4753520190345076
0.3569249559815330
0.2376528769628067
0.1594795447252434
0.0863748368241527
0.0419768825069363
0.0108000750024324
0.0000000000000000
0.0000000000000000
0.0115008706544863
0.0525956901041802
0.0955217801967637
0.1492220472624410
0.2367747625497587
0.3455617108698085
0.4407764132085675
0.5528502611929319
0.6873137895189046
0.8563709984782236
1.0995028277047416
1.2834643584516023
1.5085407622846063
1.7363520289632777
2.0078209330830932
2.2917319401948588
2.4219365286745034
2.5454714175347055
2.7097957823869590
2.8657212341940306
3.1021640049097776
3.3095860714867409
3.4137123083683263
3.5356231977293331
3.7755949015262074
3.9973315796344817
4.0617173023830810
4.1023254057902427
4.1369970072530400
4.1598187258681820
4.1663608487643176
4.1524542386802858
4.1222534882705828
4.0825098908850350
4.0241228472687114
3.9536153823905811
3.8565697166483228
3.7692363226261878
3.7072899611898125
3.6334077734883068
3.4763633477896070
3.3288306429029744
3.1660950871495164
2.9871980144929626
2.7364156233112786
2.4599856098712349
2.3244890265913298
2.1593731262942026
1.8814017456264081
1.6575167291773314
1.4848316355493585
1.3093753424339791
1.1903157790562253
1.0418015244885881
0.8529156449932339
0.6790695595744600
0.4889396526160852
0.3629610713257638
0.2409017674626779
0.1371720592083651
0.0771397068278326
0.0338952027182981
0.0086959667659526
0.0000000000000000
0.0000000000000000
0.0102901281902154
0.0367193092458309
0.0868977926962421
0.1513756250878690
0.2217144060092285
0.3064209578196430
0.4288118231385222
0.5858579504327670
0.6722906578473440
0.7542518610203907
1.0420303369443051
1.2782204850271592
1.5260702890533295
1.7992822278349676
1.9671945862108804
2.1863764741670217
2.3326570889360019
2.4989951754489885
2.6676681271075204
2.8378016034149511
3.0617956031363263
3.2683894910464266
3.3656328649256504
3.4650358167101913
3.6867208606364597
3.8754833558366770
3.9505063031391021
3.9943278406316285
4.0267577747539560
4.0612432319586791
4.0779848950156019
4.0731232219731286
4.0489707256758649
4.0143689602599251
3.9605256610694335
3.8885225137392143
3.7923704004011127
3.7023563816732734
3.6138593178419107
3.5312153414217127
3.3763854156424595
3.2460249646362165
3.0657561512346194
2.9087401689391492
2.6613415433065426
2.3744832677016623
2.2093837748740577
1.9921744483457426
1.8170209725924347
1.6108270390850472
1.4314784149883020
1.2515247706086736
1.1183184859479800
0.9684272706676503
0.8347357524586160
0.7457024275606194
0.5153364960561573
0.3663847159790333
0.2396097135532440
0.1165945868296189
0.0754394750792592
0.0315075293272649
0.0082872852723443
0.0000000000000000
0.0000000000000000
0.0088537804813699
0.0352560982597095
0.0803980660696089
0.1413375361218347
0.2064488205593303
0.2764064068354062
0.4072595655483877
0.5585657894471998
0.6562896824058300
0.7458003155149072
1.0210393813825054
1.3259795154693796
1.5017388952044504
1.7088841995744466
1.8961458860168861
2.0849741707069622
2.2223948102460400
2.3779836182436811
2.6366249431556787
2.8385649009901446
3.0104776655369645
3.1929765354165682
3.3029542318776643
3.3973927833092894
3.5857402880529623
3.7677754527314669
3.8657102878410954
3.8749520238425235
3.8743974662248877
3.9358209358163276
4.0209994776744367
3.9921008901252986
3.9574444691168824
3.9449296383654935
3.9104698956727946
3.8111943110546180
3.7076098131348258
3.5926848578342336
3.4996481205214596
3.4154431844980220
3.2458457625028232
3.0402802516068568
2.8910778406354241
2.7980100734752704
2.5559265936527393
2.2789098731227795
2.1080340898462455
1.9102180624656460
1.7483025107930568
1.5646092458470831
1.3817396999147646
1.1920191402517819
1.0624058300543024
0.9390239200205540
0.8105280235929094
0.6673640109069098
0.4898049102258543
0.3653490956807821
0.2496678172333557
0.1452309711885660
0.0785559719968815
0.0327788083271203
0.0083382966377649
0.0000000000000000
0.0000000000000000
0.0079341387524276
0.0344414273024285
0.0785362731603177
0.1393832492836110
0.2040761560176839
0.2635379082422372
0.3899732869104547
0.5130753073419592
0.6345795368848560
0.7506067851601465
0.9967194224294808
1.3236326063834489
1.4705061972643274
1.6584893894992800
1.8439646612974043
2.0144610846370412
2.1394743646884811
2.2264346977873060
2.5220089710108349
2.8185249210749230
2.9419996273419353
3.0883508318663018
3.1917800774243870
3.2819585367018158
3.4418628179380044
3.5602317947157713
3.6541632638401711
3.7065347691250530
3.7206796617025182
3.7366368599783768
3.7835516961869544
3.7594138533789843
3.7501010919844568
3.7487941497689352
3.7180223371026093
3.6182930049011874
3.5584408201498339
3.4746221437985110
3.4030504942992388
3.3142492866767150
3.1180165839356069
2.9214784197357275
2.8098389667110921
2.7225254307343123
2.4467942350817999
2.1874333213698374
2.0266608754503794
1.8450717380553228
1.6938440049641381
1.5204417214418005
1.3258836302179755
1.1252013433035000
0.9977918108243458
0.8939583652244288
0.7407366771555051
0.5795466108796701
0.4773426231921608
0.3625482651621119
0.2540261835253527
0.1714346137963212
0.0872266522403368
0.0357896104529655
0.0087737069742238
0.0000000000000000
0.0000000000000000
0.0063774882278486
0.0270078627292859
0.0776271357342762
0.1522784359355507
0.2089999058727278
0.2703601566722705
0.3802660831468609
0.5000573166063723
0.6196761436160699
0.7408943371648998
0.9270983582486952
1.1846598714035579
1.4361992121765170
1.6376782824718303
1.7929788000105591
1.9472852691764930
2.0668414840996823
2.1569716793454665
2.3444620335645299
2.6362877927735311
2.8859591704070793
3.0112618195680803
3.0631624231636332
3.1359586991777815
3.3098477877223162
3.3717950516759116
3.4025741744108342
3.5055362988971672
3.5544209280371781
3.5353076192651409
3.4762539397322931
3.4944137636565160
3.5093923217244547
3.5218624447920663
3.5364028370080556
3.4229465060101396
3.3819244444549348
3.3771556721372606
3.3465709721131076
3.1666607478591722
2.9559554985738892
2.8211943529136461
2.7097884197272220
2.5446428427010801
2.2735431314633341
2.0948542376110453
1.9383252500043360
1.7933251400725434
1.6468636779565990
1.4950329831593110
1.2902274677559080
1.0461987484000090
0.9291350825582148
0.8031128339912256
0.6790085338390356
0.5718767588763487
0.4616982008413481
0.3597036042298211
0.2556047861994813
0.1758923765817784
0.0904184729244343
0.0367176383050789
0.0089319428711016
0.0000000000000000
0.0000000000000000
0.0046544147832998
0.0140282951524897
0.0735829776912005
0.1774019118262877
0.2137916385450650
0.2773682348339014
0.3767086113122283
0.4963712922637125
0.6165860263060853
0.7368025133970219
0.8909654080600503
1.0135513727332144
1.3182584935129369
1.5952316808525038
1.7156013307621270
1.8390445673694855
1.9531854827575290
2.0695312847025154
2.2234119426709085
2.3536045699093466
2.6667116976980219
2.9000752407783992
2.9378544379208908
2.9826513374815806
3.1094272647222092
3.2162882727541406
3.2664202291043556
3.3342623466334840
3.3751346875769053
3.3823780679390403
3.3734873966071333
3.3668084898531370
3.3642355913633457
3.3646869926541947
3.3472944733787475
3.2916715535941021
3.2533007689387343
3.2341198729194298
3.0861282358795958
2.8769003052588502
2.7963038076555922
2.6792061879200624
2.5249194948822864
2.3442495929518121
2.1766288353269543
2.0142734588286313
1.8405227366668202
1.7119210743190647
1.5502094294719249
1.4299011016951060
1.1913554183091981
0.9318388418389689
0.8549549264349111
0.7363155984797625
0.6480938328328055
0.5666677053481201
0.4398218305611483
0.3450982499694751
0.2384657858939824
0.1656165096694112
0.0827464685050081
0.0342344454910699
0.0082663963025267
0.0000000000000000
0.0000000000000000
0.0039322016162342
0.0142478894588561
0.0666430903434875
0.1641787872371515
0.2085818960103496
0.2677026062451094
0.3715801684556310
0.4911400534518540
0.6154372441412844
0.7575248768233797
0.8509209788954848
0.9394166041904533
1.2264272148801283
1.5129426202256613
1.6295307511496990
1.7392100326351194
1.8321094137872460
1.9339109951607294
2.0707571013977870
2.1802564281364889
2.4112352449835059
2.7209738333729168
2.8187656786290280
2.8293813714316909
2.8466951265007809
2.9913106844467139
3.0872449760150302
3.1705769983052710
3.2353012760820827
3.2330742605368981
3.2167950360574538
3.2237628706125125
3.2231449769933795
3.1728968269618343
3.0986732394775718
3.1458297215647151
3.1794759585665520
2.9581404365831858
2.7348748777254666
2.6941152250140936
2.6450719614663707
2.4945295566264307
2.3503275468687388
2.2108660369367832
2.0498277358186892
1.8651044813762645
1.7049551614651466
1.5700183196550190
1.4162156812678286
1.2887198976535483
1.0779409914237470
0.8932541207027616
0.8011429191964921
0.7027966464062699
0.6149652102570855
0.5232703920884784
0.4042717361206385
0.3122205324688841
0.2115750657562519
0.1267071104626639
0.0682222951000798
0.0277892412979171
0.0072436109989797
0.0000000000000000
0.0000000000000000
0.0043827141005772
0.0175308851331854
0.0571976757961061
0.1238573652039302
0.1737734375607054
0.2256926068208673
0.3352679535226380
0.4567764796850100
0.6013567842187463
0.7789367358264515
0.8247169794917194
0.8933274650037345
1.1626488016103962
1.4457649938190524
1.5583564553444660
1.6669722414036052
1.7505779740896505
1.8379974873614517
1.9648748902733200
2.0662489342718162
2.2427407234767562
2.3993851272063798
2.5175824863580578
2.6122376682106823
2.6824691085651637
2.7805814478608757
2.8730643011441419
2.9505500811853675
3.0214859447123832
3.0587789262413354
3.0659151740569475
3.0656252632954080
3.0556326643010250
3.0312653915518841
3.0100759918446451
2.9948265072153872
2.9065188496654137
2.6906113798901217
2.6489157326383150
2.5903035913557337
2.4982845127698168
2.3694369412313421
2.2667433865355351
2.1321162047883591
1.9525620877550387
1.7694564398340751
1.6301493287409541
1.4962282983627879
1.3482743268670070
1.2256901816302650
1.0341525117621686
0.8684470166224543
0.7567446411280914
0.6611788625355738
0.5502843662554878
0.4488012479511225
0.3541324793661827
0.2731335895443636
0.1852459634166227
0.1078622631109377
0.0653348513494358
0.0271883185650647
0.0074748135473383
0.0000000000000000
0.0000000000000000
0.0048661644891663
0.0204612890260316
0.0433565351045842
0.0804532863557971
0.1460666978872375
0.2048642002845140
0.2908306466768514
0.3984828173000030
0.5677228978023573
0.7507591589694973
0.7874830641704992
0.8347055476576921
1.1088944708124537
1.3758702242191361
1.4871424490065281
1.5890652299878210
1.6523688436847461
1.7346093621067211
1.8938883899587826
1.9661548612239284
2.0112030397537888
2.1057327752845718
2.2274432404298170
2.3559879011475200
2.4492595168896480
2.5520236015558333
2.6698560410457461
2.7433416652337073
2.8205810887844258
2.8816305047459645
2.9065725565262475
2.9024922661611319
2.8901100881770034
2.8939670507082860
2.8836845145107621
2.8263270850001514
2.6348548279448960
2.5352294797290984
2.5043017598300068
2.4607796924053966
2.3690574753672888
2.3009667771867544
2.2160870309247596
2.0408410943012409
1.8547551440729064
1.6903367673000165
1.5568855143816502
1.3908390386275504
1.2553139185830724
1.1449956035888633
0.9697868168172127
0.8193839029248452
0.7055074326426922
0.6058614448373694
0.4926679128846221
0.3745167780731848
0.2999754448076606
0.2299030675065167
0.1626066288675264
0.1049710725495876
0.0653134353692221
0.0338826452632377
0.0080664517515707
0.0000000000000000
0.0000000000000000
0.0047185874673703
0.0208529888619923
0.0383815307184267
0.0581338263140646
0.1145972511910002
0.1827753247768479
0.2564181189846291
0.3446377533132427
0.5133950673980727
0.7095530770418074
0.7435067187962112
0.7740997037984213
0.9736406673113258
1.1910719357916442
1.3039932708454138
1.4581414979675256
1.5209661062273794
1.5756154727561953
1.7341489013157592
1.8779868398218675
1.9236137857828648
1.9995078602197804
2.1082159137311760
2.2320817478774262
2.3253374128888025
2.3989224859752682
2.4760284627294737
2.5270457042207863
2.5897651523477583
2.6486252223437772
2.6896014922027383
2.7343246135707684
2.7489220836642372
2.7424040086560617
2.6831848110007197
2.6055026507602572
2.4907589501023586
2.4012195866123114
2.3609272332907141
2.3130708302825069
2.2056031768195608
2.1406336574002118
1.9586352548537584
1.7240916914500881
1.6318434196818332
1.5127095139228006
1.3949348989146719
1.2441590890187375
1.1632045225839001
1.0668461721649198
0.8999376116728363
0.7537838440889886
0.6319262977937089
0.5400853583421027
0.4389871776456758
0.3344366253281765
0.2800730433059476
0.2152775960083319
0.1564317721284778
0.1045335108405258
0.0649190260459384
0.0394100668481629
0.0086007440945825
0.0000000000000000
0.0000000000000000
0.0040401637958740
0.0160650392170736
0.0336074459540252
0.0544654113363827
0.0911958753772586
0.1366539209749230
0.2211075716044531
0.3079790668740970
0.4350988311519489
0.6340822805731355
0.7081252353689425
0.7465947426438293
0.7972465228539724
0.9069060015119420
1.1187818400340459
1.3034193678961004
1.3949216906895507
1.4501561965641199
1.5431404581844623
1.7222605907200552
1.8089833592076199
1.8808385478644574
1.9614067967354558
2.0847220826423931
2.2366954418683904
2.2767010803433991
2.2934176897046501
2.3085288307908263
2.3288417258214751
2.3973373609328150
2.4592084693585732
2.5520151673093419
2.6433480865314039
2.6052688232429313
2.5016814144531030
2.3662924302183606
2.2349959678823508
2.2525236946113778
2.2610711428728618
2.1368737451222946
1.9830981032522019
1.9004504186865900
1.6774667104688141
1.4692964515141571
1.4019958358673941
1.3491465853405720
1.2646457938750402
1.1397340331822230
1.0703107312228415
0.9976373338127041
0.8399542613837871
0.6381598792561073
0.5441286584737678
0.4674837200177576
0.3914255033773608
0.3271034594820187
0.2678183246907882
0.2095967669908280
0.1518800531820043
0.1017023511407904
0.0630628092044177
0.0326252729676094
0.0075942357172900
0.0000000000000000
0.0000000000000000
0.0039348156428911
0.0142634074215768
0.0319976738413102
0.0541368369607044
0.0859528456475524
0.1202525379096477
0.1998318630110673
0.2843571244417364
0.3881795072759207
0.4896758735946369
0.6029077771790760
0.7128110690230232
0.7587823456437198
0.8236370952081055
0.9962776749649782
1.1517248694518705
1.2484559653076859
1.3419530290019444
1.4495890026713190
1.5824747801114054
1.6749013293035186
1.7560297651089269
1.8195856730447297
1.8630414502847175
1.9693318796862365
2.0317896507844440
2.0699019687804636
2.1431605896121035
2.1974017725588069
2.2536253985401080
2.2880743388039515
2.2978685057908126
2.2651351039336176
2.1824715643342643
2.0932185374354186
1.9862652248788368
1.9302743958056445
1.8984069903293770
1.8641710718174125
1.7903989180932460
1.7502041445517877
1.6902337767825928
1.5219760733307373
1.3324132856270274
1.2754507977035692
1.2281976440508084
1.1366026714747999
1.0243042885815412
0.9483026398420427
0.8837471005531204
0.7140902961990937
0.5507095666020551
0.5007457375070340
0.4315355215041162
0.3653380814482800
0.3185494235305441
0.2510678066204046
0.2004595903183281
0.1396127548144050
0.0910656240874028
0.0537409689026535
0.0218504071874013
0.0067276209307593
0.0000000000000000
0.0000000000000000
0.0039299910666389
0.0165655104688206
0.0317726115721466
0.0511300612897471
0.0819967007399328
0.1183646379095294
0.1850856960089591
0.2640818061994680
0.3280800023675316
0.4048849398314576
0.5052489944020897
0.6304252653504240
0.6987905994098915
0.7576646627390543
0.8967148210573910
1.0300448650162539
1.1078909879419878
1.2025351769208403
1.3113368723483267
1.4386197568478993
1.5661162428764870
1.6366888136825246
1.6737600970524185
1.6937928484176157
1.7234310258440464
1.7673674738272804
1.7999198495098157
1.9209323647320455
2.0854335940041349
2.1260108647017959
2.1281496928314128
2.0755931003594141
1.9027671400216475
1.7815057377991128
1.6989026102220472
1.6223447466602334
1.5777407144540314
1.5328967741372022
1.4834920838979764
1.5024272121736062
1.5131227397351990
1.4927231701202790
1.3805854933247643
1.1825074433726070
1.1316456587552814
1.1015064216541546
1.0332495511754665
0.9290738165929222
0.8534418879825585
0.7025269832781948
0.5870051421984865
0.5277030019982406
0.4710011421093113
0.3883162032679206
0.3298618406471577
0.2807697955495024
0.2254747878372137
0.1891504614586964
0.1276797330366463
0.0733379130300276
0.0472988117939577
0.0255663451336132
0.0063110592717474
0.0000000000000000
0.0000000000000000
0.0041968178059807
0.0216304927205294
0.0305007431194234
0.0469170187120732
0.0768525100013325
0.1165269558994703
0.1731310661922743
0.2495716267180273
0.3019934387515705
0.3734169759443642
0.4708562856428045
0.5744211608617810
0.6444400961707276
0.6987879846560344
0.8143441727571229
0.9460757354879210
1.0209779596720738
1.1110388914972309
1.2125215989129428
1.2950822929008801
1.4029552705844470
1.4705910197156808
1.4976942949822416
1.5198958093263910
1.5612089219348031
1.6026079800171116
1.6257331187768806
1.6454283487975319
1.7080684123379681
1.7368041098935589
1.7341834676155381
1.6994605098288667
1.6326642000570690
1.5482291940155177
1.4976132364886461
1.4412036006907822
1.4057613923988725
1.3748976281739689
1.3525818552345179
1.3448676145763721
1.3161092576023692
1.2917525492125770
1.1205194602455562
0.9709679966163253
0.9393933881467590
0.9132670962758562
0.8447157137432808
0.7654017053738273
0.6974730857061238
0.5897695899020283
0.5485546338332653
0.5087438713477883
0.4168761572462633
0.3261722868857747
0.2886150121281373
0.2439258493891722
0.2014601774444481
0.1732730176045420
0.1122611336155676
0.0630371380470519
0.0450643666109117
0.0305223811008481
0.0065203827440980
0.0000000000000000
0.0000000000000000
0.0030682417830446
0.0143302218085572
0.0275379746210519
0.0449729041142992
0.0698876602901597
0.1027871717512034
0.1577456046648850
0.2236903505475348
0.2662190005788261
0.3226274087640066
0.4450069543928587
0.5431034578479966
0.6033872606193063
0.6522802896315650
0.7138764523047022
0.8270448097484913
0.9314956886062736
1.0200689366033167
1.1265306085174058
1.1983265326367001
1.2834795624156616
1.3163752948085772
1.3239810600717403
1.3436375926103576
1.3797451654198158
1.4281262586346966
1.4423330668786123
1.4126464977293647
1.3503189912702767
1.3672097396339840
1.3945392797419911
1.3780220531240770
1.3478584033507648
1.3228828604313334
1.3002151548095227
1.2631196912408111
1.2354445153359210
1.2045618695105151
1.1773025100865895
1.1935886566061567
1.2122552877509376
0.9900826517857214
0.8181289981489874
0.7770460915973405
0.7574492084579342
0.7138394785880223
0.6512891387708662
0.6301384095575037
0.5939807950777973
0.5253717324384424
0.4950006969933911
0.4602062276620577
0.3693567213220942
0.2914191836133047
0.2558013916666280
0.2065348298605851
0.1700250986895756
0.1364485242161150
0.0952780613440998
0.0673335993050583
0.0427822200178732
0.0240538391445645
0.0054171043927033
0.0000000000000000
0.0000000000000000
0.0026975290336598
0.0099883314973007
0.0226802346409362
0.0417032441508457
0.0642783931500552
0.0931440639526302
0.1438070201614668
0.1994331925482422
0.2326338718189749
0.2548033913352784
0.3568987274097288
0.4567110854043688
0.5072393998394447
0.5885953436500111
0.6422056174684799
0.7012660557663507
0.7736563175460944
0.8268496330881305
0.9092332207794268
0.9806871777235415
1.0702645854843196
1.1613459261368495
1.1839852431263735
1.2100190339056089
1.2489838347625024
1.2830614656079207
1.2861911676602262
1.2672353201502202
1.2369860853774637
1.2185898722530155
1.2063483413185290
1.1913103925236062
1.1751794596415288
1.1625767726933192
1.1480955618414732
1.1213624023518056
1.0935957645617080
1.0612788036936298
1.0253438278181013
1.0072253983505339
0.9278252857255483
0.7902948596682744
0.7578243594441331
0.7067390842441852
0.6716110943370865
0.6372249762950324
0.5987626045593627
0.5701380684048625
0.5053798035591912
0.4382998394146699
0.4048707220100425
0.3742693199303974
0.3064105551408672
0.2427353827161918
0.2081481657035214
0.1672302564335582
0.1439485356181338
0.1150428003055640
0.0873775767784465
0.0680781634370681
0.0371831127938586
0.0165079362996876
0.0045441787835641
0.0000000000000000
0.0000000000000000
0.0022037886165200
0.0086055223879397
0.0172650800428727
0.0310780072676802
0.0594729698766610
0.0890750675689284
0.1315344679926405
0.1792894711079075
0.2026010632958363
0.2228943718867480
0.2766621929120439
0.3514637164472674
0.4003473174615628
0.4788559616096862
0.5794481409157950
0.6133039909096240
0.6320103454004004
0.6614190031504859
0.7120169008734583
0.7701035405342539
0.8491668124471319
0.9914695467510694
1.0533962807368960
1.0787503073810123
1.1051033484027855
1.1539113418770417
1.1735020234456872
1.1305556546336002
1.0886686584593031
1.0627000026052351
1.0315227205544535
1.0071768756078705
0.9894583366960455
1.0024889575400322
1.0191863098908780
0.9916762570486294
0.9634481337843185
0.9176489825517034
0.8673243117727947
0.7969496731311565
0.6929474095328424
0.6841711964153439
0.6783123338887185
0.6299336935412999
0.5938759448118436
0.5610072320299755
0.5267149460446213
0.5012505850200166
0.4330725725176870
0.3504090514109297
0.3211740493389171
0.2926326191829313
0.2396332128141390
0.1984351092262726
0.1703840867646940
0.1442702652605048
0.1243842784681220
0.0990375325970987
0.0759255710871040
0.0547476269373353
0.0300427329435926
0.0143197838825729
0.0037225051128922
0.0000000000000000
0.0000000000000000
0.0017503550002236
0.0074583426646577
0.0137582265424643
0.0199995760194278
0.0461032261943047
0.0799167557128159
0.1123261884999121
0.1565269160680940
0.1761838361638734
0.2009735293450206
0.2506678613563419
0.3123260615025163
0.3542625356571720
0.3868921365649523
0.4594517588961761
0.5053834140078572
0.5220883176759897
0.5425562525060400
0.5839402913010815
0.6439703776891827
0.7232969751596575
0.8068673571947289
0.8612522607888033
0.9059749875494248
0.9486169246452878
0.9818070435906991
0.9930997023527118
0.9742500300153608
0.9607358297359760
0.9484447449712935
0.9254518856379952
0.8951848156571527
0.8691693994446077
0.8611848703568167
0.8501346612337822
0.8194364675823125
0.7921974347737386
0.7618770845657354
0.7307803508976763
0.6864372193561796
0.6433630176635272
0.6107437660013527
0.5695099027989176
0.5281737445611713
0.5054921990017301
0.4809202170599245
0.4516004666842003
0.4265373501354179
0.3559685474308485
0.2940501287087151
0.2748655198812904
0.2505086622457154
0.2068960588077601
0.1700304434918458
0.1426612960109981
0.1204170146126868
0.0982278226312463
0.0764052551086688
0.0585589882682581
0.0407778498862340
0.0259666585904254
0.0133688547536542
0.0034764106474259
0.0000000000000000
0.0000000000000000
0.0012547768530319
0.0052460272333187
0.0110138822273839
0.0172340729701583
0.0349350149128448
0.0608937156497744
0.0910082093345561
0.1298991545870532
0.1507387437701391
0.1725505932803964
0.2157501957914729
0.2698290051522634
0.3120732172696438
0.3361192615291488
0.3811036515870391
0.4046705753065350
0.4128898790525381
0.4264144279448978
0.4468670268045017
0.4940171704311540
0.6059872918510495
0.6574470432689794
0.6875097628283023
0.7396089663186892
0.8011453035527203
0.8385472394605177
0.8609201114191299
0.8338755221596027
0.8223950142183375
0.8375323478422034
0.8574381205296360
0.7669350205515852
0.7221895205982161
0.7224752238186135
0.7326430027796266
0.6590056512575614
0.6297946516464532
0.6252676977468445
0.6168563377410152
0.5948939528296587
0.5655393110422348
0.5240080737305309
0.4704473923950596
0.4359764250734394
0.4193085798352668
0.4084673253802687
0.3885569653058699
0.3330080661711579
0.2701432014099768
0.2502486334271724
0.2373420523623417
0.2106824789393481
0.1713672646585938
0.1358365260998174
0.1137282580290213
0.0970241806549569
0.0774936205646763
0.0579272541858033
0.0440971310609301
0.0319927032795104
0.0215884002387725
0.0135898435261031
0.0033501331556962
0.0000000000000000
0.0000000000000000
0.0008941657464464
0.0034259367107925
0.0087054486878021
0.0155363230596843
0.0285699121138014
0.0483070065644809
0.0747919058180990
0.1068412629122539
0.1248565027064202
0.1409201416988692
0.1701222258438005
0.1928167105501716
0.2148738121402086
0.2316733113523801
0.2685577001669696
0.3249517737125013
0.3412499971009696
0.3675213834983342
0.3865380217652921
0.3990186052213680
0.4332560499156823
0.4628927493513129
0.4844609242041974
0.5152268357816149
0.5626627195423601
0.5986254912629100
0.6378664628687062
0.6826950842226841
0.6804629817165688
0.6783094940594037
0.6326358931575706
0.6040984743567748
0.5989077732624714
0.5949026490080817
0.5625369677137204
0.5252181522378618
0.5177903523839750
0.5087881535547865
0.4890450625127651
0.4639531299525078
0.4254341129605037
0.3930006542771863
0.3683118705701681
0.3504450109827409
0.3370084417634704
0.3219417770806022
0.2867780195904672
0.2539145998617422
0.2345804710062541
0.2141263907327177
0.1911570195252974
0.1674021207323915
0.1402578858833183
0.1120486549403014
0.0959118742084204
0.0812792223302586
0.0623231102097664
0.0459699635882761
0.0352447696111969
0.0256917104955916
0.0171596938801251
0.0127820299596003
0.0026185334545459
0.0000000000000000
0.0000000000000000
0.0005934525087782
0.0023052455549616
0.0073793469902845
0.0141306531515686
0.0204386292075283
0.0312720033587341
0.0630413237294893
0.0894292530698982
0.1020081130018259
0.1144115745455678
0.1351564955229126
0.1378586282746909
0.1371796250735811
0.1402560735904984
0.1523710228079107
0.2187447060666589
0.2823159080474354
0.3147523742675637
0.3363041505652454
0.3195475326583523
0.2832848938708692
0.2910017766844122
0.3004794237546803
0.3239178171319889
0.3840166262759765
0.3943090472337311
0.4117512699366184
0.5391545552588519
0.5903454259901499
0.4969639311652506
0.3945436838896277
0.4525726571412545
0.4938270398782950
0.4701491202658855
0.4005966938242111
0.4067437160697790
0.4105801705282400
0.4065485593997415
0.3891385942951450
0.3392305957084273
0.2971660876605855
0.2737493202357467
0.2599805400420566
0.2715205798905415
0.2806360962720022
0.2313279343013329
0.1936069711124166
0.1939915989965095
0.1985071589627485
0.1756771157395428
0.1508756396144618
0.1331756502423224
0.1130527075273488
0.0918019940551682
0.0789939496837811
0.0640216343750189
0.0480190685368448
0.0363625282070436
0.0278419897484232
0.0189956324267794
0.0123403535300782
0.0066786606866526
0.0013677969641067
0.0000000000000000
0.0000000000000000
0.0004070662066897
0.0013120533419442
0.0052388333026284
0.0123720540874898
0.0159699898304310
0.0194178469330562
0.0363722886587073
0.0556120011686174
0.0628135570946357
0.0700980788910744
0.0819594044107021
0.0934999908129376
0.0990539677017426
0.1089889793541165
0.1233916614929158
0.1412624323450024
0.1777167676964190
0.1952266835366555
0.1991321890461901
0.1975855131279317
0.2023130346908929
0.2163057028962960
0.2220960143917040
0.2274560437837752
0.2304682681374281
0.2405256586180446
0.2583085696855487
0.2772501715140587
0.3054201876110066
0.3156021643231497
0.3208378707329097
0.3258791135422928
0.3289346184246846
0.3190262219757961
0.3085145179908391
0.3048001257156470
0.3027336411535372
0.2956298748769206
0.2712165677244081
0.2429447940530516
0.2276466195766539
0.2133083555041699
0.2048786675066049
0.1996368617259551
0.1859455811551458
0.1629332901009651
0.1530571426227144
0.1442274012261733
0.1243965569285620
0.1074450597554457
0.0946724923498098
0.0819024242539448
0.0668541618207261
0.0548785388142506
0.0480825076928792
0.0405540511349268
0.0333486929568668
0.0256156502630750
0.0190620257020094
0.0130711003039461
0.0087570833762570
0.0042166640187826
0.0011008967726766
0.0000000000000000
0.0000000000000000
0.0003188707324977
0.0011947397031937
0.0029498261380299
0.0075404954690876
0.0128364418718165
0.0144047963783344
0.0164560240801665
0.0260134955736909
0.0350891373303885
0.0373503777401320
0.0407011400119152
0.0544437344345176
0.0643804758657378
0.0745951949120167
0.0829262500474332
0.0941697263355991
0.1233565563363134
0.1070984647218356
0.0970626759606659
0.1042001454614481
0.1158768848328845
0.1438968339986106
0.1717831039694071
0.1391159131673469
0.1086608587968434
0.1131066738001132
0.1252247714999282
0.1167241571024638
0.1173016108281486
0.1717610888211322
0.2423833675001428
0.2308749061305686
0.2054589295672441
0.2007866576596665
0.2010838034185799
0.2144836429816291
0.2229250538801424
0.2014700248854395
0.1749908080862766
0.1669723797902445
0.1618659452161089
0.1564081244652805
0.1505594132646053
0.1371688910565121
0.1174872053798708
0.1170781645487101
0.1140556813577190
0.0909972132996052
0.0642503546379981
0.0579779620042477
0.0522630463673398
0.0390328799065082
0.0300724741956697
0.0264928996211721
0.0246351929561563
0.0243733064266513
0.0230050854922804
0.0156890383823641
0.0116334062867669
0.0098227172490983
0.0071033885884290
0.0029482830785073
0.0007372314923128
0.0000000000000000
0.0000000000000000
0.0002221990456528
0.0010477301265026
0.0018386001471272
0.0026936296717031
0.0054365092779439
0.0088998417378008
0.0110409752479315
0.0138597733670990
0.0166354917158237
0.0187105324236217
0.0223591117924301
0.0295944305562175
0.0364630561510679
0.0430691291798230
0.0461121010028416
0.0483310780982282
0.0579659837418379
0.0707884289321156
0.0726136783402124
0.0748005810075400
0.0754663139985439
0.0764156962352252
0.0804656322821746
0.0818828006375978
0.0795032760073411
0.0765879657465149
0.0732764438829126
0.0769920470078077
0.0864505408151916
0.0973858325676863
0.1288775400567499
0.1357966010017757
0.1260109028770699
0.1134608816371558
0.1022828094888060
0.1028989795044354
0.1100101960240364
0.1187025396708058
0.1213685356555815
0.1205989082750037
0.1164934884790586
0.1107638973550145
0.1046705740572169
0.0991504446243571
0.0918541415124647
0.0829176550778981
0.0699499829479667
0.0557596417625034
0.0474839142510573
0.0407628815068221
0.0326523457719049
0.0248360554432184
0.0205355112979027
0.0173649906660764
0.0154727431892947
0.0143698066638685
0.0116300871382991
0.0082712902520536
0.0068651492558685
0.0059394332479118
0.0027865975977883
0.0007109351349606
0.0002479239866737
0.0000000000000000
0.0000000000000000
0.0001184580953394
0.0005255612748890
0.0008246131550870
0.0009335723007137
0.0011550935801553
0.0029562141628182
0.0066805902244548
0.0064850562506375
0.0058103758653237
0.0056219667268689
0.0061661284892632
0.0102784795208104
0.0191500578170350
0.0209383625471412
0.0204217121571265
0.0175073261466710
0.0146835085598209
0.0354301151264271
0.0575995357969086
0.0501078141685858
0.0408682985322252
0.0310525370482070
0.0231606123040688
0.0409243952766842
0.0598586915155096
0.0418006445822805
0.0304200650769373
0.0386112239015661
0.0507209922500926
0.0575804944716936
0.0752704899808551
0.0784301009861840
0.0705057996728664
0.0409848325486404
0.0267361701729720
0.0283575877524533
0.0365445642500059
0.0564173583779344
0.0828267531347762
0.0841673477965642
0.0802758198400967
0.0717342468727604
0.0646266589515934
0.0684923548250054
0.0729775867462601
0.0536817468242365
0.0381931035116840
0.0322426925547685
0.0287678069914218
0.0249983323133267
0.0193876576072928
0.0140670820512585
0.0114446379602234
0.0092002382228174
0.0076750601274423
0.0067921938272663
0.0050137557567094
0.0037875436652003
0.0031656720024023
0.0019067480552569
0.0004360418241371
0.0001260386302236
0.0000377099089789
0.0000000000000000
0.0000000000000000
0.0000319737701872
0.0001257578114095
0.0001886886104766
0.0002601664349346
0.0003946120400298
0.0005508303560936
0.0012373205650239
0.0015290971860620
0.0015104153370293
0.0015375308365710
0.0018349699396909
0.0023068569192810
0.0039870225351575
0.0049846702135970
0.0048861803735404
0.0045875960089555
0.0054105733883319
0.0060830040243894
0.0111112144114373
0.0111623536066944
0.0099550726718049
0.0078829240286963
0.0078897016515080
0.0081201447926592
0.0111273272596656
0.0092433726430072
0.0092889682437545
0.0097336519171966
0.0120791204174196
0.0137721844300299
0.0173317119689176
0.0179454569214036
0.0150680784594252
0.0093953494054800
0.0081068838746138
0.0077845268491723
0.0099281697364810
0.0122141833890682
0.0179962162082066
0.0202826929461274
0.0196125287403034
0.0179584343329995
0.0172085498902077
0.0168822073656786
0.0159156412017926
0.0117602691201584
0.0101969835365829
0.0083030343697318
0.0072040767092313
0.0062936999095070
0.0048371244648895
0.0035047576526853
0.0028877582838527
0.0023346678642301
0.0019860637772351
0.0017333116174810
0.0012970521677646
0.0009253139212173
0.0007045615011333
0.0003994287327842
0.0001634899479695
0.0000390108765667
0.0000087647341397
0.0000000000000000
0.0000000000000000
0.0000000000000000
0.0000000000000000
0.0000000000000000
0.0000000000000000
0.0000000000000000
0.0000000000000000
0.0000000000000000
0.0000000000000000
0.0000000000000000
0.0000000000000000
0.0000000000000000
0.0000000000000000
0.0000000000000000
0.0000000000000000
0.0000000000000000
0.0000000000000000
0.0000000000000000
0.0000000000000000
0.0000000000000000
0.0000000000000000
0.0000000000000000
0.0000000000000000
0.0000000000000000
0.0000000000000000
0.0000000000000000
0.0000000000000000
0.0000000000000000
0.0000000000000000
0.0000000000000000
0.0000000000000000
0.0000000000000000
0.0000000000000000
0.0000000000000000
0.0000000000000000
0.0000000000000000
0.0000000000000000
0.0000000000000000
0.0000000000000000
0.0000000000000000
0.0000000000000000
0.0000000000000000
0.0000000000000000
0.0000000000000000
0.0000000000000000
0.0000000000000000
0.0000000000000000
0.0000000000000000
0.0000000000000000
0.0000000000000000
0.0000000000000000
0.0000000000000000
0.0000000000000000
0.0000000000000000
0.0000000000000000
0.0000000000000000
0.0000000000000000
0.0000000000000000
0.0000000000000000
0.0000000000000000
0.0000000000000000
0.0000000000000000
0.0000000000000000
0.0000000000000000
0.0000000000000000
