0.0000000000000000
0.0000000000000000
0.0000000000000000
0.0000000000000000
0.0000000000000000
0.0000000000000000
0.0000000000000000
0.0000000000000000
0.0000000000000000
0.0000000000000000
0.0000000000000000
0.0000000000000000
0.0000000000000000
0.0000000000000000
0.0000000000000000
0.0000000000000000
0.0000000000000000
0.0000000000000000
0.0000000000000000
0.0000000000000000
0.0000000000000000
0.0000000000000000
0.0000000000000000
0.0000000000000000
0.0000000000000000
0.0000000000000000
0.0000000000000000
0.0000000000000000
0.0000000000000000
0.0000000000000000
0.0000000000000000
0.0000000000000000
0.0000000000000000
0.0000000000000000
0.0000000000000000
0.0000000000000000
0.0000000000000000
0.0000000000000000
0.0000000000000000
0.0000000000000000
0.0000000000000000
0.0000000000000000
0.0000000000000000
0.0000000000000000
0.0000000000000000
0.0000000000000000
0.0000000000000000
0.0000000000000000
0.0000000000000000
0.0000000000000000
0.0000000000000000
0.0000000000000000
0.0000000000000000
0.0000000000000000
0.0000000000000000
0.0000000000000000
0.0000000000000000
0.0000000000000000
0.0000000000000000
0.0000000000000000
0.0000000000000000
0.0000000000000000
0.0000000000000000
0.0000000000000000
0.0000000000000000
0.0000000000000000
0.0000040115210949
0.0000149838810544
0.0000256077083528
0.0000378699393282
0.0000705213451268
0.0001308678020024
0.0002285188050552
0.0003189622579520
0.0004118245807098
0.0005041960634368
0.0006022718008738
0.0007210653343631
0.0008331315014400
0.0008147234928186
0.0007525912148600
0.0006933472927213
0.0007274978664125
0.0008268067149673
0.0010950322388263
0.0012258126292441
0.0011645485911850
0.0010237499765422
0.0009733943881748
0.0011042125168105
0.0013386212789347
0.0014965090553417
0.0016244194334963
0.0017929703502783
0.0029399449593408
0.0038556410021385
0.0044025365050557
0.0045759417079367
0.0037685141467381
0.0019905931263460
0.0017241902324447
0.0014361258312429
0.0012984704439714
0.0012049019394309
0.0011852188286111
0.0012215165773598
0.0011873409974597
0.0009913899799977
0.0007746375195459
0.0006896048047429
0.0007182741012598
0.0007262731459113
0.0008248656204641
0.0009413125154390
0.0013274771671397
0.0011381414387406
0.0010463018835381
0.0009485339306327
0.0008100020988960
0.0004510531305441
0.0003517210388881
0.0002607678657164
0.0001998812547794
0.0001643569694928
0.0001421960762253
0.0001280446262243
0.0000939530165498
0.0000334194940544
0.0000105796346005
0.0000000000000000
0.0000000000000000
0.0000164307651525
0.0000647559469356
0.0001165936004756
0.0001397053846493
0.0001906696744541
0.0005815552412534
0.0009851170810498
0.0013360441142550
0.0017234404194714
0.0019703776573352
0.0022635690014969
0.0030839380323957
0.0038170414666332
0.0034524811488389
0.0029715085250571
0.0026756437593434
0.0025549500146252
0.0034542007365603
0.0050393482129514
0.0051950830335752
0.0049432596097694
0.0041037227268203
0.0028636969203633
0.0045720199635309
0.0058975511571683
0.0059318641274125
0.0061222877553652
0.0075039203700292
0.0137687776676459
0.0163799374066130
0.0174976094620367
0.0205526027403481
0.0201256990731252
0.0094939947862397
0.0061633079289303
0.0055113727546270
0.0053418993483313
0.0047481488713299
0.0043781423158972
0.0050606493521140
0.0053960331769232
0.0042302929906376
0.0023743327776499
0.0026650708908960
0.0032998389399154
0.0027981912469844
0.0026250714702620
0.0046837579412405
0.0075712205280571
0.0053765768716711
0.0034478066186225
0.0039200077772708
0.0045112179283904
0.0022300658403065
0.0011965807164387
0.0009637602247808
0.0007955331367324
0.0006409805010308
0.0005099123026215
0.0005555253615630
0.0005167619797825
0.0002130082388642
0.0000314398821953
0.0000000000000000
0.0000000000000000
0.0000415175153276
0.0001746476870657
0.0003637141977434
0.0005093539216565
0.0010941972063407
0.0017653230275974
0.0021099944845597
0.0027309473378861
0.0033814983023462
0.0039271562072878
0.0047354060349888
0.0059492395072633
0.0067647582863898
0.0072357909777028
0.0076831350657102
0.0082736500310726
0.0095994885343241
0.0109708435271107
0.0119958263698451
0.0126712763683281
0.0126668443607715
0.0125816442793702
0.0124598884826900
0.0128080734315897
0.0130102347013804
0.0136719716547798
0.0153560652572035
0.0181613508529326
0.0261646879181759
0.0316769655060402
0.0348670426442807
0.0352316277982928
0.0320111030402501
0.0263564557279456
0.0206768542963653
0.0161910470231338
0.0145081330997377
0.0139606686256767
0.0141876244941443
0.0138260123676664
0.0134365844127118
0.0132721887870487
0.0136612695445584
0.0141126487681063
0.0138222714929444
0.0127913174274823
0.0117921928923160
0.0120269462986914
0.0120697353202490
0.0120031661985822
0.0106864101455624
0.0093489436687925
0.0082031292731051
0.0070637453109741
0.0055610758112810
0.0045414597815541
0.0035473706029683
0.0028155094565566
0.0021395375547612
0.0013248872285838
0.0009892907940007
0.0006558988168636
0.0001310341388087
0.0000000000000000
0.0000000000000000
0.0000702969638319
0.0003292599552957
0.0007199453252702
0.0015922864408506
0.0027460902444628
0.0029130724902953
0.0031046899429355
0.0048489403293137
0.0060334438428895
0.0062525242188593
0.0067614613931984
0.0099384834097113
0.0115994696849350
0.0123145835727204
0.0134586652254120
0.0171267242086415
0.0208306699876638
0.0219685047112831
0.0227924018987152
0.0237650416261081
0.0242299298417087
0.0246457278912418
0.0253877248758964
0.0235723402153811
0.0232391412240641
0.0232179799348582
0.0248788788854754
0.0341054345517351
0.0496358030543520
0.0551381581797927
0.0576533041457154
0.0573480695364145
0.0542223572282004
0.0486547760181412
0.0425996790599896
0.0320327042394701
0.0234813244711168
0.0277101634630638
0.0309438487612173
0.0271878657571690
0.0245304937496566
0.0260676668101794
0.0326304698215258
0.0340478501922915
0.0334904092318377
0.0298355521281195
0.0228534004518946
0.0204847527129157
0.0199852253565047
0.0207056104495564
0.0209729947262919
0.0177783959897335
0.0136486735306478
0.0129459007279936
0.0125450716458839
0.0107117615024510
0.0072467894111653
0.0060692704591270
0.0052752827494365
0.0031564090380649
0.0016227125933995
0.0009707197829189
0.0002335847107096
0.0000000000000000
0.0000000000000000
0.0001052740209042
0.0005538334433709
0.0012616253184149
0.0025987563232034
0.0033430456458878
0.0039030038642868
0.0057254529837743
0.0082040801619456
0.0089304964588529
0.0097142069560208
0.0129215961557364
0.0167434316035804
0.0179228376917988
0.0195188015968952
0.0224614924829259
0.0254738849080909
0.0275624279753279
0.0300056602151587
0.0334813136706625
0.0363279124416255
0.0387660490623935
0.0404737091048857
0.0462259816444558
0.0482951876806933
0.0502234123698929
0.0534863736343348
0.0617855941946200
0.0715901975631021
0.0786609513091477
0.0853910986413579
0.0909323426494119
0.0895901936335092
0.0850220731384503
0.0768586776166059
0.0698186070005371
0.0649735124877292
0.0573385729637723
0.0504137474384042
0.0486448884160622
0.0467103753653826
0.0459761084940070
0.0467390799776294
0.0485941577811364
0.0489877807424194
0.0476840119446262
0.0457702270587729
0.0393623163105255
0.0327137251661769
0.0305848787052237
0.0279691824518480
0.0261394123577480
0.0244915167317768
0.0212173592166685
0.0184294547553003
0.0168869695802312
0.0154583007895916
0.0116712742188635
0.0081998747991487
0.0068710470751464
0.0053274701963456
0.0027737946275517
0.0012972800195709
0.0002966794853179
0.0000000000000000
0.0000000000000000
0.0001135604578838
0.0004713641954733
0.0016171480827640
0.0038140645918459
0.0046799850049304
0.0052312510143051
0.0079133411525412
0.0116038513566011
0.0126252927264574
0.0143377722113024
0.0202002005072405
0.0236422943465845
0.0251184944086707
0.0290786000740230
0.0339911862123664
0.0342370721490638
0.0343272855509874
0.0403009232567991
0.0473624001010496
0.0513879174546686
0.0553481275741756
0.0641724824681588
0.0806194068186823
0.0803930887372332
0.0793796129705070
0.0994189311457448
0.1125977995753110
0.1141925129644813
0.1158583627879227
0.1297122467264587
0.1390528554302342
0.1347375845986060
0.1260243982935667
0.1140907731993250
0.0998580007017597
0.1021666782310926
0.1030574149152589
0.0835662318298560
0.0691069876981587
0.0692745128590347
0.0713732577699916
0.0717778366067071
0.0714777069465202
0.0682452763161880
0.0653821366091529
0.0638051030062579
0.0599846798101357
0.0496664992833328
0.0426501397091536
0.0367074704584588
0.0322390455482296
0.0308638005775559
0.0294221924413962
0.0254600904036002
0.0219276259690509
0.0201032241616696
0.0167237834803645
0.0117603029098715
0.0094368533257304
0.0075512009375452
0.0035691779984417
0.0013511462101424
0.0003588593361678
0.0000000000000000
0.0000000000000000
0.0001323986799944
0.0003858996675881
0.0024832199182488
0.0057478521772374
0.0064623089199874
0.0071990461462284
0.0118136557778069
0.0158980467327395
0.0171707898189473
0.0195409011633529
0.0254386664156460
0.0312258569784700
0.0342852560141126
0.0386345063308020
0.0426169017926668
0.0459835750112570
0.0534156840596077
0.0608647207277371
0.0653199727073932
0.0706649684344358
0.0766890408306779
0.0848053685027585
0.0936851712884365
0.1007418248256799
0.1110080906574956
0.1224765977930570
0.1273084071309970
0.1329903463689004
0.1430557204919350
0.1527144539681296
0.1562918346701923
0.1563682520372590
0.1523659676376395
0.1474966578492769
0.1374331169380726
0.1247748544703968
0.1171818819430607
0.1094758473489883
0.0996073937873161
0.0932077441405280
0.0912737946593676
0.0900248526889487
0.0873250776116065
0.0818828612559596
0.0775116090713793
0.0733152150545448
0.0678954863487152
0.0606309906487564
0.0532274221889559
0.0475981781349787
0.0421644642690478
0.0368510726837815
0.0335137373754369
0.0303340185090240
0.0268965811114907
0.0240639554818191
0.0198895002351354
0.0155403926988675
0.0126254484139842
0.0108939301225012
0.0055724168113100
0.0014798892113587
0.0004995283150664
0.0000000000000000
0.0000000000000000
0.0001864642637522
0.0007172374331760
0.0034516963496184
0.0070357794072080
0.0084442857993060
0.0106835858461648
0.0167444353998734
0.0191265479713663
0.0205853183505938
0.0252007237847514
0.0327685639087363
0.0388576979347904
0.0427501992713206
0.0478415131048940
0.0532769857196600
0.0616042804321694
0.0754122538158657
0.0819009095160091
0.0859271224514772
0.0917089593617967
0.0980925973938821
0.1041121463045144
0.1122442861349898
0.1270535038400020
0.1402472084098995
0.1417406880009271
0.1432923945733399
0.1539845938377045
0.1691751285266427
0.1777925883963022
0.1804192756148573
0.1813656227732797
0.1813505204701255
0.1821928710426373
0.1794630330359306
0.1565496730397373
0.1322082233222042
0.1306808018024196
0.1299315873518446
0.1190064052930997
0.1110091526733330
0.1099750230308510
0.1087965206688895
0.0995095860588173
0.0861499870841686
0.0832862145267009
0.0809792158321988
0.0732247917183574
0.0613359304900832
0.0568535852635662
0.0534516199622125
0.0450580484212096
0.0371178355955709
0.0339260888066765
0.0316961376964858
0.0284878554996847
0.0243227767367882
0.0196240033956068
0.0153935979472323
0.0125681757734457
0.0079792192196581
0.0035011954481131
0.0006824694597058
0.0000000000000000
0.0000000000000000
0.0002890197997995
0.0011338988457781
0.0040400957947050
0.0082301569997299
0.0110211438878123
0.0143350556212032
0.0191587397343468
0.0229913582567478
0.0290061428240641
0.0355220804140414
0.0403272380786809
0.0467869664399204
0.0524945336592911
0.0606056921210957
0.0705179991901179
0.0811431913565159
0.0909478370767041
0.0987503295939034
0.1049954281361326
0.1120073155100859
0.1192574574646388
0.1254184365101162
0.1344551207356483
0.1460312749972713
0.1526966697920380
0.1593001708067813
0.1738369229474742
0.1900572999863184
0.2017599110278649
0.2058791895250447
0.2058597410904007
0.2058329223009896
0.2080117428401677
0.2098832223233605
0.2082755610676460
0.2048562658282075
0.1835023246028141
0.1560115391882248
0.1484295674397601
0.1390324799373408
0.1323530943845586
0.1285193077099668
0.1257830736255791
0.1234549667728390
0.1121314953674228
0.0987274510201922
0.0945379325957918
0.0905845326562950
0.0810858688569408
0.0705009513103329
0.0653268415773764
0.0605644548428170
0.0495648823840059
0.0393523065836783
0.0361921956865328
0.0319419140379138
0.0273527091005737
0.0229165501915336
0.0176418705334627
0.0132879559440861
0.0086166268197133
0.0055953462563597
0.0011405133963733
0.0000000000000000
0.0000000000000000
0.0004387557545455
0.0017001737631590
0.0051471728390530
0.0098341845259011
0.0134287738749374
0.0180708934750251
0.0237150487142317
0.0301011709203702
0.0376049146404028
0.0437971014400168
0.0490210749090590
0.0525115855524170
0.0589352596824428
0.0748196044565777
0.0885763413552280
0.1031892551459208
0.1139091104583672
0.1175033022808462
0.1212345944083274
0.1346237913615222
0.1448553908060029
0.1479165210984792
0.1522429362950809
0.1627334862636917
0.1692206111127358
0.1765538571900818
0.1957420574730661
0.2346377226591433
0.2487193763192861
0.2401681353318991
0.2281344882829451
0.2297220585186311
0.2337018068483381
0.2423146128791443
0.2479904691709798
0.2504663339572017
0.2463199865932208
0.2004622879718901
0.1630746768344739
0.1548395335417700
0.1506057601692507
0.1478470629537798
0.1461997620602873
0.1455369293885767
0.1419381352333991
0.1207328497769390
0.1067300713224383
0.1053003924803202
0.1030677754516695
0.0902246452144672
0.0784392578071452
0.0719718163343808
0.0623999326740678
0.0484389353482523
0.0412818673348005
0.0357854848608570
0.0308791460869517
0.0260445344249385
0.0193440139879879
0.0139869870786666
0.0092825040937742
0.0056615447841190
0.0012995941594875
0.0000000000000000
0.0000000000000000
0.0006687892079592
0.0024581814047062
0.0063265840174235
0.0111880152033016
0.0152846708711397
0.0206755510651037
0.0263745254243543
0.0333093526614457
0.0401181155606522
0.0469681705112847
0.0536884735252849
0.0580207642854933
0.0823779182975472
0.1082571537472175
0.1168935470590108
0.1291026057842974
0.1373047975617657
0.1447120348700953
0.1618906158623752
0.1749941145747341
0.1812463980259645
0.1877370986877972
0.2062511813673535
0.2169215118421707
0.2235707650502854
0.2333985689710902
0.2618974800108930
0.2846715102741881
0.2863358848971373
0.2881056909978207
0.2874780598238431
0.2858661909945361
0.2845981777208106
0.2828785300324839
0.2821482306587691
0.2805436792123460
0.2720966024868380
0.2662721247092756
0.2377764767505071
0.2177194101084451
0.2060978450360067
0.1878201292970522
0.1789106082346759
0.1679530530741725
0.1570155086123291
0.1483989628233968
0.1345096153469233
0.1195387129562610
0.1119513818991471
0.1023358981165514
0.0898791510674351
0.0794743790467301
0.0681825814837848
0.0574266778213372
0.0484254838903918
0.0406703512987436
0.0346707733025113
0.0296537675801406
0.0218018835241975
0.0149030240322109
0.0095390067278899
0.0051841297584861
0.0011792236534603
0.0000000000000000
0.0000000000000000
0.0008968421888298
0.0043048316774347
0.0081076896543031
0.0121558707100285
0.0167624796081982
0.0222351316510522
0.0289053887952020
0.0357719708058187
0.0433998669348664
0.0515624334498504
0.0598315293741344
0.0680924455865548
0.1055691965253298
0.1374904805056660
0.1469777999551801
0.1534467224115535
0.1603779173501662
0.1820699915015787
0.2084083263211056
0.2144492869151665
0.2190132982657051
0.2347951189020728
0.2701388989556657
0.2726127793048431
0.2701153282618253
0.2938519586363796
0.3287130920851370
0.3314056153516232
0.3314236270926357
0.3370898611474435
0.3469699347343147
0.3438529873150041
0.3364340096623191
0.3237591314217350
0.3169080544381200
0.3143263162318958
0.3125155607404033
0.3105309006043209
0.3022842197855810
0.2860022244238457
0.2736554328856780
0.2409203128734578
0.2102321084113427
0.1913777922382716
0.1717638843995233
0.1690821947734054
0.1647534356875403
0.1421709925188449
0.1228597606111136
0.1114968666147137
0.0991922732352870
0.0870357058450109
0.0758612860077412
0.0642935583222772
0.0552035995980174
0.0462964601646461
0.0379839948878394
0.0310436904883163
0.0242478471784052
0.0179315015350614
0.0097657844170984
0.0037658981737109
0.0009702747145307
0.0000000000000000
0.0000000000000000
0.0014542498460554
0.0066181795175503
0.0092230159168084
0.0128476865915089
0.0179843919979349
0.0238238395340320
0.0334653920563564
0.0422783849475049
0.0558473153583611
0.0675757432098955
0.0788642781553879
0.0924900082802248
0.1252477918108714
0.1615085398671597
0.1738201572062829
0.1865668099255780
0.2020170786477409
0.2183616596313507
0.2293939595712802
0.2429325707286864
0.2664360029712928
0.2888725008987448
0.3205770332042422
0.3400783291165193
0.3621816883773059
0.3803222337596811
0.3873288828457049
0.3825055857904546
0.3817252597264152
0.3831853174029425
0.3871293371527862
0.3857983539526448
0.3767625416757601
0.3608304521609296
0.3509506317332716
0.3440893831736374
0.3417371125039914
0.3400219374643612
0.3308250661696679
0.3160297416966750
0.3046203769662638
0.2919626704139687
0.2682168223262478
0.2546827281468377
0.2285592223701095
0.1932930858842962
0.1830328174423441
0.1689811052013407
0.1459139635498974
0.1276947727983864
0.1128047102044136
0.0965229890347338
0.0836136370831234
0.0699006042900100
0.0601403026095906
0.0512970680720153
0.0411503844665837
0.0317351488896470
0.0251225164512317
0.0199711628369114
0.0104952833852408
0.0033032170358581
0.0010517128198942
0.0000000000000000
0.0000000000000000
0.0017703905390934
0.0075852418774890
0.0103168531806644
0.0138497518066025
0.0192427942899823
0.0252631385755744
0.0377199290212209
0.0568402197291170
0.0715653644090922
0.0838257681937282
0.0986693232420235
0.1145709291441035
0.1513124356349449
0.1822153646907698
0.1996460544941860
0.2264234052854557
0.2468325208864497
0.2478112615600444
0.2488317313953583
0.2745405099825119
0.3120818771259405
0.3527097963052575
0.3921942474096765
0.4208120543398802
0.4507603263616664
0.4652063592512035
0.4668663049008557
0.4397185804603325
0.4224955657508838
0.4289761074247435
0.4360622175645127
0.4337577413789478
0.4266433588305143
0.4031736766848065
0.3741578512868478
0.3706462403691176
0.3712020165110924
0.3698116251610987
0.3630269041333146
0.3512664064073278
0.3444581441733210
0.3358343186626420
0.3204668554856575
0.3099683826937081
0.2936651172364622
0.2398278483006277
0.2037935754846435
0.1877366452829677
0.1651599726649741
0.1433134113713763
0.1289737803445156
0.1104100017186125
0.0920392913288402
0.0752905176855682
0.0653500673217233
0.0553913458244258
0.0440325085564326
0.0336951462268619
0.0257550494905484
0.0189888011020973
0.0119209545121343
0.0057514823305754
0.0011538755803164
0.0000000000000000
0.0000000000000000
0.0017887132531691
0.0079034794668224
0.0109065413774899
0.0149080440144072
0.0208801653606588
0.0270641493254860
0.0444413413486800
0.0674774661504985
0.0771389823368738
0.0900312714292503
0.1071800969719281
0.1247919759514494
0.1680715309575678
0.2068167291226576
0.2423030519553998
0.2698770981548792
0.2843012515886670
0.2959490110548291
0.3296917152640738
0.3599084896807360
0.3806285465962681
0.4146018529271117
0.4364098130243741
0.4582148448524316
0.4785118725664872
0.4941076487135577
0.4990494023875014
0.4973768205518446
0.4908174491372336
0.4848824229889182
0.4801982362756584
0.4720999755622131
0.4649594757591879
0.4602218250421001
0.4481200760968599
0.4288930718413890
0.4224965012027578
0.4173573134818724
0.4094236742447896
0.3917103808591831
0.3835139625299697
0.3731134595931322
0.3559793884117319
0.3354034926699259
0.3134732781916377
0.2938117408398128
0.2568851529878393
0.2280484186910363
0.1957195543687646
0.1606841070056075
0.1449113691043483
0.1285238343891376
0.1066171339743717
0.0822233872925692
0.0705088066876916
0.0584099560714903
0.0462894995412805
0.0356771689185459
0.0260360190539719
0.0178542162709326
0.0121948802402370
0.0090384428311183
0.0017939187041263
0.0000000000000000
0.0000000000000000
0.0015740890367970
0.0067101088994333
0.0111140005007595
0.0166550263519008
0.0229055599133864
0.0296969939921272
0.0495058915043728
0.0709540364183256
0.0829134347369693
0.0961849407116713
0.1152517706976529
0.1362430372215630
0.1852752593918779
0.2590147135444836
0.2880055754528763
0.3062790725134507
0.3260784637552840
0.3605332500566437
0.4059369673843333
0.4235939333503042
0.4407147645544868
0.4691223687800520
0.4853983924708950
0.4937354180617136
0.5044032956227817
0.5294242128776064
0.5408755026977218
0.5497400011901973
0.5521509389893843
0.5404419463821342
0.5280863707830504
0.5129689448653048
0.4987830750014694
0.5103823567262833
0.5217343244410481
0.4967519272602694
0.4618393275449346
0.4618062721890651
0.4613056970577494
0.4395446474594930
0.4216114282714535
0.4090296115539651
0.3911304535550310
0.3675156318789893
0.3432808822943187
0.3247232299719938
0.3037748369450368
0.2762492587264814
0.2247253386462273
0.1805016046717498
0.1628563578821009
0.1460534780201667
0.1250664750929228
0.0977912566641240
0.0737424524204595
0.0595243623548880
0.0484343348486989
0.0377484224111802
0.0263478591984941
0.0165310068935753
0.0120851791956002
0.0083847439740472
0.0019740837022761
0.0000000000000000
0.0000000000000000
0.0014640285186217
0.0054816086063454
0.0110810677676486
0.0183632652460343
0.0245565125117989
0.0320719134176294
0.0551141518789317
0.0774727601724965
0.0992944164516197
0.1170120605425613
0.1479516755636217
0.1787920264171064
0.2313317810814469
0.2906205711709806
0.3025063837525913
0.3228974158707786
0.3552120360965857
0.3927309653836851
0.4251059901849089
0.4483341640993490
0.4821494983576074
0.5099243781821601
0.5248084066567615
0.5358681820483393
0.5636761498295019
0.5797236148410506
0.5821660990600694
0.5811806319103336
0.5765036474285824
0.5687415796768668
0.5609654067201005
0.5570520767138363
0.5542998033889939
0.5496533483453042
0.5440654983563327
0.5377851044574455
0.5135955719869757
0.4877302240706617
0.4774413064488469
0.4651974810337878
0.4508560340661985
0.4333612035328934
0.4113740299284197
0.3909590043243282
0.3682424196846186
0.3418751767485151
0.3185440033746721
0.2946016264695670
0.2417832663652683
0.1928172434091331
0.1735837481171753
0.1566443057113061
0.1375805785588699
0.1270427367425278
0.0910808234342528
0.0616955296407043
0.0526381935812777
0.0426294794688843
0.0278331943260299
0.0152478471801293
0.0118154088263417
0.0075759928961483
0.0019144950080379
0.0000000000000000
0.0000000000000000
0.0013805059849970
0.0054578893617336
0.0110237661229472
0.0181964391235159
0.0262246150769693
0.0355707695455454
0.0621937159566126
0.0991655499400396
0.1197879038250002
0.1365572208387207
0.1791384877474232
0.2340613613167251
0.2724030780698576
0.2998463808195304
0.3155536250387619
0.3366004546952820
0.3728810264995585
0.4257020361260255
0.4567893182923164
0.4868297574066761
0.5225487212954698
0.5469626146456212
0.5647304496480290
0.5875751899205746
0.6167897012664216
0.6253651766478941
0.6254727150000142
0.6163919733830392
0.6038527440827784
0.5945526294866974
0.5852008029037394
0.5959124289417999
0.6087986118169335
0.5888793595795452
0.5734615922410670
0.5705508222488123
0.5603885577421507
0.5166345631902244
0.4945987504837575
0.4888749454786134
0.4833599403410750
0.4628697171205418
0.4251729420367215
0.4087281104160456
0.3965001307689779
0.3689473323761289
0.3318653679266316
0.3068438650726389
0.2588851747944729
0.2066766659126863
0.1818432842564005
0.1627893685053957
0.1498543894397548
0.1378664735491208
0.1048041317883636
0.0719207165148344
0.0571575364037843
0.0437128934357263
0.0302686504523453
0.0175606136061777
0.0121734891370296
0.0071622764293103
0.0018509323596258
0.0000000000000000
0.0000000000000000
0.0013604312658458
0.0055940469938267
0.0111183848635103
0.0178481414472461
0.0302356391058884
0.0438046759355142
0.0747558923071440
0.1142414449856952
0.1290708120817593
0.1465201851689798
0.1995877568930292
0.2553065485462153
0.2835499489713942
0.3081640447575626
0.3422256669223068
0.3699904814539808
0.4156803790715188
0.4683547065757296
0.4852054450751456
0.5121757452022164
0.5393896374943308
0.5662124451681069
0.5894787797779434
0.6096580498466300
0.6293683214823901
0.6456742130882178
0.6574851887844119
0.6630892473395028
0.6678327104396414
0.6707107806942324
0.6740823608119121
0.6682053889785559
0.6631083579446280
0.6584081859195166
0.6525602044300703
0.6479021782870128
0.6349211125186413
0.6163628083620930
0.5815213075930828
0.5394033413860199
0.5292943646214868
0.5220384178721214
0.4872754493991680
0.4376588731979973
0.4257329512186808
0.4115578573444730
0.3692390719021305
0.3360320948316963
0.2962597906501641
0.2545023151894064
0.2135972755998696
0.1711246777527255
0.1589064308262325
0.1437357211893335
0.1098436025647230
0.0794450801083654
0.0612766510289363
0.0446962575658328
0.0321462550357132
0.0206690968773029
0.0136911798049552
0.0072860009424732
0.0019534264696202
0.0000000000000000
0.0000000000000000
0.0013556492623803
0.0053521213332608
0.0114939564768108
0.0191263067682554
0.0338500152823727
0.0567087636264404
0.0858593603902426
0.1170016248004762
0.1369373989392850
0.1664242697904923
0.2190747305791489
0.2683271791379112
0.2990794088048508
0.3308528362358759
0.3670542900765265
0.3967359088275780
0.4471149628446520
0.4896421432885081
0.5080374941411619
0.5295905053738345
0.5554255347541850
0.5913703599183363
0.6152385850654191
0.6271929063794399
0.6425543078140190
0.6726643756038453
0.6930832621757019
0.7092332011085574
0.7275933892894288
0.7419531938218659
0.7532200022336465
0.7384647443812493
0.7167744366276411
0.7183869851431444
0.7220526691776462
0.7227100544549805
0.7182603102391335
0.7010391667513675
0.6607309494080402
0.5967021915076657
0.5724916315149294
0.5656237114668785
0.5446829626130566
0.4793230488356698
0.4578793297276927
0.4420102923709127
0.3937458804363851
0.3508682907908001
0.3336312249711197
0.3089033031049124
0.2401928008929702
0.1851061022749944
0.1687055770321980
0.1504705181378867
0.1164202194892970
0.0846384881237555
0.0655744553700507
0.0472885606515619
0.0353558055679509
0.0244514124853901
0.0157455103500515
0.0091349852996489
0.0020722620643643
0.0000000000000000
0.0000000000000000
0.0014653260630822
0.0051911204280553
0.0137459701902268
0.0238248129297960
0.0427917742806235
0.0723650038250950
0.0906792291388125
0.1159341281480252
0.1477278474410998
0.1905318130638904
0.2287283385564628
0.2766365585055076
0.3121541507150460
0.3469603840088942
0.3794371639326207
0.4087695587019951
0.4638351487015003
0.5122276545162416
0.5438057944824888
0.5667525579710788
0.6010878609161465
0.6356290041906727
0.6496215957011811
0.6617189490183490
0.7007337329950309
0.7235500144213101
0.7307313405924872
0.7437590760878263
0.7560871052661883
0.7671763961729614
0.7740186875336604
0.7769486336125359
0.7763283354891111
0.7723163338113512
0.7677328745337892
0.7591498985536321
0.7485726711692908
0.7329897528656565
0.6958480790756665
0.6583652981112099
0.6329168673587577
0.6135350056247820
0.5773900971570914
0.5299156613667672
0.5023680212019215
0.4808838748133997
0.4207933973027232
0.3563791852285550
0.3416198404611182
0.3270663734004646
0.2661084760898074
0.2052549747381361
0.1840001812577498
0.1583876841580502
0.1225964008649691
0.0896806403648410
0.0701604586819461
0.0500196126185971
0.0376288099236300
0.0274573386836420
0.0175867986918884
0.0128389432921843
0.0026059759631875
0.0000000000000000
0.0000000000000000
0.0017213852251697
0.0070401377970036
0.0165661785688924
0.0298189154924329
0.0487450260427571
0.0735972821287431
0.0940528661877646
0.1161510242927678
0.1528993306376499
0.1932194116594974
0.2365935631566337
0.2873920706314104
0.3237643016276007
0.3659381715483018
0.3955613649125183
0.4204199256883784
0.4818728765318205
0.5494216806258096
0.5790922858786086
0.6037977019678948
0.6393188068428751
0.6647385504986713
0.6809294471179607
0.7137315021847721
0.7519558454019967
0.7588263188154534
0.7613933685213639
0.7735571862621105
0.7842292062880200
0.7912542765744193
0.7986154883414992
0.8143288307533434
0.8264721835087642
0.8221017328930311
0.8112489707779974
0.7964058248603567
0.7806988229805462
0.7647598825930891
0.7333098170280546
0.7024580945939720
0.6824413727405719
0.6602062182720739
0.6282586400639801
0.5833800232515236
0.5350852630015297
0.5046543271652473
0.4438347128267547
0.3716306544507501
0.3517611050261012
0.3285894140391315
0.2909685797144146
0.2444982447831554
0.1987421707956797
0.1641970811078865
0.1300157835506154
0.0974454074180861
0.0766784688206242
0.0565848040099962
0.0394935843077525
0.0265721353300160
0.0177274241600541
0.0111941489061184
0.0025954480088738
0.0000000000000000
0.0000000000000000
0.0019435280008457
0.0081708083410832
0.0175859055848616
0.0313494266482787
0.0489450668631186
0.0723602258650675
0.0956206957767902
0.1179449671731346
0.1582437077701684
0.1919560174457826
0.2431117331941610
0.3003257163446035
0.3362066384283612
0.3846138702091399
0.4095647427135025
0.4324998418821936
0.5048886398014664
0.5746349253682919
0.5957261411709481
0.6195036657200940
0.6567013720559446
0.6893138072001068
0.7208654843398393
0.7491344722799159
0.7648776146929850
0.7791925345237873
0.7937869629493199
0.8038022738624185
0.8114118537597790
0.8203383230474675
0.8344398375689819
0.8443091052569908
0.8464342776807222
0.8454305258999055
0.8373780588763636
0.8229384277387292
0.8053962655008674
0.7889233250122248
0.7611874875811475
0.7285228925698649
0.7080166838133448
0.6826033495386744
0.6501287037019658
0.6217070270935967
0.5708832380780727
0.5236923136684228
0.4595476753900712
0.3890965070625935
0.3643640972833316
0.3312133260893805
0.2974065983137811
0.2642351840316115
0.2119710678866639
0.1684824058939467
0.1358943004981808
0.1039264881917751
0.0818077293981619
0.0637667260549845
0.0414452961896475
0.0247487379184871
0.0169801898678335
0.0098155264712051
0.0024554206277589
0.0000000000000000
0.0000000000000000
0.0020749047140115
0.0085022456724707
0.0182028673974246
0.0314911619011465
0.0482979123127953
0.0675220185187065
0.0978284603640280
0.1335039581888876
0.1687946410068410
0.1989805842815663
0.2427054180994684
0.2887871729624050
0.3420166776431179
0.3971233074998382
0.4234229127474304
0.4534553155708247
0.5263223980957034
0.5908186459865187
0.6113614765828894
0.6293596977974586
0.6700666177767027
0.7271090276570721
0.7548547543835588
0.7698298108382401
0.7840818553854370
0.8024025519863208
0.8228408336260234
0.8273840030015281
0.8299048175964997
0.8470880790336399
0.8660677744109506
0.8696354140511627
0.8683699066875306
0.8689624321622729
0.8661061294919039
0.8513226737375617
0.8213112768893730
0.8028914216325734
0.7867045961790705
0.7586175958167093
0.7323879377234706
0.7061688769596829
0.6702586219096374
0.6399571324741293
0.5934318817320023
0.5450000085870899
0.4801340268714349
0.4097158809106429
0.3815844791433172
0.3478755445621868
0.3043325687706749
0.2714005866246113
0.2199263159702918
0.1722129565989489
0.1451521260487899
0.1145832667279308
0.0853498841027179
0.0635046164174451
0.0421377184572245
0.0255168110487227
0.0164221048811764
0.0088785622521808
0.0022116140171139
0.0000000000000000
0.0000000000000000
0.0020653307782390
0.0084810225231359
0.0183578610065937
0.0316798645302510
0.0495707953231604
0.0643107008782828
0.1075807376563291
0.1542177039197332
0.1762531140554248
0.2043453657951010
0.2438589784332532
0.2740273812241762
0.3440396190668936
0.4143089279605908
0.4445670427886899
0.4847866855449615
0.5443639005192410
0.6037255833206729
0.6273292262128359
0.6435147927837601
0.7088341360778883
0.7597888658618901
0.7718145700518484
0.7891894883190788
0.8191183892221987
0.8409228960333606
0.8590272128693384
0.8730738247977958
0.9045025764917998
0.9175502727659103
0.9183093670238203
0.9133116697055794
0.9061846524800850
0.8955746965822672
0.8890666505305553
0.8843671708044336
0.8586100721070167
0.8152309699213715
0.7999527703580853
0.7773947975469168
0.7517003061477939
0.7274498369962177
0.6874069053097546
0.6507865726063593
0.6058412713993454
0.5602090122241417
0.4986069019896869
0.4339797831610838
0.4036036333300528
0.3853435389643551
0.3357242004409366
0.2970798737724829
0.2504060658987345
0.1836479551872136
0.1615046160445805
0.1380284739028738
0.0938945668074978
0.0589539712235398
0.0423719782204174
0.0275980443994948
0.0156949436455681
0.0071283736801947
0.0018900875008518
0.0000000000000000
0.0000000000000000
0.0019799142449697
0.0080447352383910
0.0184523775427472
0.0329907182046920
0.0515307822335709
0.0798560904429376
0.1199170725913917
0.1581882128230156
0.1834573238867256
0.2134276597462836
0.2487604701139315
0.2800315514940916
0.3424617229147970
0.4038238346317822
0.4565949125231981
0.5161824945609027
0.5630721508417669
0.6075552105987823
0.6408571758561900
0.6838183676648296
0.7325348214923468
0.7605132685410977
0.7841771644416941
0.8201219954126545
0.8535693209585418
0.8706298711713570
0.8924678453571054
0.9187671691778024
0.9562270510453359
0.9690743426634929
0.9681325146831603
0.9557246532646447
0.9354305061528312
0.9191140887069116
0.9109933278179341
0.9052156276865335
0.8870574884361512
0.8428338790667671
0.8152981215198276
0.7916607281336920
0.7677483879592333
0.7424969803134975
0.6980449300119271
0.6514344947525574
0.6141253155236610
0.5753209674915224
0.5187507327370745
0.4597174284649924
0.4201727938519428
0.3868690407470355
0.3526931016011551
0.3188443337498038
0.2864389540192475
0.2395253218912323
0.1729537852083602
0.1376298043309986
0.0980020290133116
0.0631381630285566
0.0430425173420722
0.0253069407628905
0.0151126283902247
0.0066575000228264
0.0017515600635858
0.0000000000000000
0.0000000000000000
0.0017238141326241
0.0058687868657390
0.0181058599226337
0.0385521108730112
0.0594900211719316
0.1017042317366399
0.1231389270026832
0.1571341029120330
0.1848376649723403
0.2184627380889014
0.2550271880607767
0.2879784670772533
0.3469481943471314
0.3925815962606113
0.4658774207613982
0.5379800185542457
0.5685969222933539
0.6064023350178550
0.6568365173974542
0.7113741868626743
0.7409831386265640
0.7601842350362495
0.8178358562927013
0.8588301383492223
0.8708296835077772
0.8896012224787598
0.9234937328066970
0.9505084341621939
0.9734709204865114
0.9861639682211996
0.9859166664679494
0.9823311953095936
0.9675510156861793
0.9454689247721817
0.9338115076084054
0.9206067752081685
0.8989726610748566
0.8734856290740424
0.8413855301037978
0.8113638438327918
0.7868355769871173
0.7598332661546963
0.7089535029536035
0.6498314992713338
0.6165700517000902
0.5816466599411149
0.5296843503939886
0.4832403812630297
0.4347217682975771
0.3842824798991938
0.3555229161156158
0.3219343497848131
0.2901557423207922
0.2706422811337592
0.1944690751973392
0.1319327977751055
0.1014505625030410
0.0673539870617835
0.0449796065766931
0.0251050317230376
0.0158087987869010
0.0069577161444027
0.0018667837305573
0.0000000000000000
0.0000000000000000
0.0017163506368736
0.0067193818661889
0.0159562631021502
0.0288227481842497
0.0608558000069646
0.1041166619865060
0.1236662012723471
0.1488802757808590
0.1847605355669926
0.2201515171541240
0.2609890296910513
0.3152814922658453
0.3616268336631572
0.3946489877472412
0.4695782703333438
0.5409245746199608
0.5694498318117726
0.6004521318558557
0.6641185764015868
0.7287992320570305
0.7561125920095876
0.7875996465484363
0.8346780371464031
0.8636751611064879
0.8858473172576056
0.9116503642751430
0.9473219640257191
0.9727350337516227
0.9920613190563689
1.0018914491258575
1.0031622947553487
1.0018933937332641
0.9915097734643520
0.9683449301132623
0.9497331992356265
0.9338749071443259
0.9160786625112667
0.8921396067717734
0.8589453550089517
0.8246135406421785
0.8025830750871856
0.7773186342166090
0.7183026888627639
0.6553534292113836
0.6186442995397241
0.5772022103529127
0.5373797718978147
0.4971949533439014
0.4451138544959029
0.3929776686040181
0.3596833345753161
0.3260874572211837
0.2950545418756081
0.2634772073865995
0.2028700811796588
0.1488788957676872
0.1066922505049675
0.0710981761733717
0.0485170487657732
0.0293606864782451
0.0177120838344142
0.0087667645605356
0.0020788302312811
0.0000000000000000
0.0000000000000000
0.0018033921898766
0.0070877994685642
0.0160168517725694
0.0265775437513141
0.0594442677448482
0.1025104617220921
0.1211687430995251
0.1380244060742176
0.1858312248156977
0.2258914851254143
0.2855571628809499
0.3507934057390967
0.3722210159924539
0.4004568807104201
0.4735344112937653
0.5387998254376953
0.5664292839608950
0.5888173979920741
0.6708384500128058
0.7474043902054746
0.7704717176356430
0.8083335049203250
0.8408297418919332
0.8652988040521501
0.9056179779398343
0.9378222299511965
0.9626331792607499
0.9863921972863626
1.0032024401742756
1.0128038848647254
1.0152396090994344
1.0159145946397576
1.0106563221693199
0.9993175863520068
0.9798894121671581
0.9518976852904490
0.9321761458292828
0.9085320308517134
0.8740253256142173
0.8332389961318649
0.8114159202903936
0.7884645970916215
0.7273554397874989
0.6634962478712103
0.6225780760300554
0.5735730572792609
0.5404910943117005
0.5033040247609398
0.4501977981086461
0.3999503454092626
0.3643678559882779
0.3309610857801665
0.2984111893915893
0.2584999610583887
0.2049909101244287
0.1541101507606506
0.1089527769532529
0.0726696807851517
0.0503705987105712
0.0326000703274479
0.0194237245631872
0.0110205784726229
0.0023847236516769
0.0000000000000000
0.0000000000000000
0.0018991118047664
0.0079186337380101
0.0166755469518622
0.0278506054967686
0.0588537555530148
0.0995688234291815
0.1183321587714289
0.1368839773921274
0.1891567546018393
0.2541490516445978
0.3006515915342461
0.3487455322296837
0.3820446357918288
0.4253791010202636
0.4799845224246733
0.5288393884764995
0.5627946649449992
0.5941294213241545
0.6599329958054037
0.7290854597240705
0.7762390495067687
0.8202460367664937
0.8520428619834477
0.8841092780705491
0.9191982509706108
0.9451881550590716
0.9743354135730699
0.9977986144026051
1.0124194889968998
1.0200743375051373
1.0232245830858873
1.0257611937169280
1.0244477521147242
1.0157060435373282
0.9991039300777076
0.9724649512847786
0.9442408669604911
0.9146185302706742
0.8846847768799599
0.8477719118074254
0.8178446474913175
0.7877329944716667
0.7333872924653788
0.6733468027245492
0.6285037625646277
0.5787857764687220
0.5441761443788419
0.5090432909463587
0.4536285087308256
0.3996821378578070
0.3682589182416313
0.3368227980113832
0.3055075009780212
0.2716069756857721
0.2075304105343140
0.1533754301433599
0.1105014020675400
0.0733308176111074
0.0518499826004841
0.0351402045302728
0.0202586904602497
0.0099215887510947
0.0022715583000061
0.0000000000000000
0.0000000000000000
0.0021967638375664
0.0108826552331703
0.0188760158097058
0.0319449800706777
0.0588736514714455
0.0938412080264897
0.1137678162001825
0.1361108953937261
0.1934520707919062
0.2691448873706612
0.3028815239646155
0.3400716185932968
0.3909708201382501
0.4464202297837695
0.4809082188207732
0.5229466623185017
0.5609341927932963
0.5978449407268187
0.6560178971067275
0.7060752542518161
0.7764350516091810
0.8348362255609405
0.8650069604305031
0.8983119810934160
0.9239261109271015
0.9481627907850891
0.9822719343216325
1.0050649029518397
1.0170372794390108
1.0247329208920182
1.0316853741607945
1.0324108114418782
1.0286997778467153
1.0206367323248613
1.0058729272365312
0.9876170443347492
0.9555426270212738
0.9158509360074732
0.8884771711548480
0.8624718500635460
0.8259616461807576
0.7839418171547236
0.7381655502686387
0.6825096476318031
0.6360452205149884
0.5858861345340788
0.5473925141398193
0.5134717003689212
0.4552519581720978
0.3984439335460329
0.3717763819551742
0.3425508566266670
0.3128286568462709
0.2949172976922010
0.2270743605178589
0.1546895115046412
0.1156485417275632
0.0721746688334558
0.0513861501419825
0.0392316951798529
0.0199901677150068
0.0065480336219980
0.0020290120276848
0.0000000000000000
0.0000000000000000
0.0020614916054753
0.0090798365518811
0.0200884667360964
0.0355488225208274
0.0590183007197061
0.0868534893436614
0.1088858094339272
0.1310049581828240
0.1900480782436563
0.2620729551170592
0.3022704298281668
0.3470050242874418
0.3924045864426418
0.4433224824807928
0.4799603047064548
0.5181406879395370
0.5604543507435188
0.5985774345445347
0.6537200981008040
0.7003044021679089
0.7773073643073121
0.8466239608364043
0.8702813113897639
0.8957071852503037
0.9288369448779811
0.9602133556168554
0.9904199444727529
1.0091410684971942
1.0191574490663449
1.0256015539778440
1.0291936864527309
1.0318703661179289
1.0313015607349536
1.0203954656482603
1.0081437938193543
0.9946364757764213
0.9608180573471011
0.9150731251902567
0.8892105375011333
0.8589731896494737
0.8274464773895092
0.7928424267073906
0.7438161175884541
0.6921892864408483
0.6432654888867396
0.5931056957593388
0.5490229236235690
0.5009744465889249
0.4530519984669252
0.4055121019677712
0.3754059221107798
0.3461105621716533
0.3166171463952818
0.2870376423154586
0.2481927519425503
0.2066452164856792
0.1192044515832774
0.0642324772917321
0.0480679041618221
0.0346195093457304
0.0191211748230860
0.0077933512077482
0.0020214708322324
0.0000000000000000
0.0000000000000000
0.0017878855614155
0.0078447171865479
0.0201351976977932
0.0376383194487772
0.0600804785442267
0.0841516382634765
0.1065294435310386
0.1274471361735031
0.1834077312922082
0.2462926616160120
0.2952204584344797
0.3503567648089741
0.3877589130329197
0.4344223391331686
0.4755353589566274
0.5141912465112477
0.5631891968640734
0.6023265390161251
0.6567567849210149
0.6958603651133872
0.7777499955490673
0.8508929917098583
0.8676349587091240
0.8854719769277771
0.9497492774158098
0.9861353159612783
0.9956325931057701
1.0093439399846651
1.0169993119845255
1.0221994384558473
1.0242018032348532
1.0262215595260304
1.0288978297354112
1.0137894973585251
1.0013315816554571
0.9921273785807617
0.9584968088637950
0.9081365496357576
0.8862398922731191
0.8525557099196932
0.8250849380117078
0.7965428419166850
0.7471334111985319
0.7026361584736509
0.6499813616764611
0.6047953528228565
0.5477454969038510
0.4830425473274834
0.4527277804428948
0.4123651255533353
0.3791037759965978
0.3485673246794716
0.3174352942772596
0.2805772727461175
0.2494948384281546
0.2287568070171775
0.1271620422568501
0.0563447126330190
0.0454777227469229
0.0318547722074633
0.0191179792983575
0.0089791473767298
0.0023069636388915
0.0000000000000000
0.0000000000000000
0.0013401810415526
0.0053220755526729
0.0202294099666472
0.0436821798521312
0.0625661399291639
0.0839450357750942
0.1054264032573531
0.1284259314705838
0.1750672563622724
0.2274925379058607
0.2851038170636744
0.3429884633737089
0.3760094133507796
0.4160645951993213
0.4731501171677154
0.5231262875743391
0.5694897055430610
0.6120656089695675
0.6609635648963641
0.7081581449255133
0.7566287170018418
0.8156378559948517
0.8654817293798590
0.8960549444635804
0.9483420352067371
0.9816837443988904
0.9938964789686103
1.0037393475296492
1.0095560213120498
1.0139312471690836
1.0154921896520070
1.0144566067405518
1.0090966443263800
1.0050784772113932
0.9933755312296186
0.9560635736158472
0.9279440324959451
0.9041508483994477
0.8810031029096572
0.8541632039634802
0.8211973838487210
0.7815796179323855
0.7416265922591559
0.7031629357042927
0.6464889318336677
0.5878647196747407
0.5420823407314220
0.4938691532477391
0.4540022290351654
0.4136603346698868
0.3798020945745647
0.3487888473729023
0.3194555451465358
0.2896861030342394
0.2494321216911198
0.2107088220564352
0.1181523877184096
0.0607943226980578
0.0447998640940186
0.0294766842533905
0.0195638925886442
0.0111672143642947
0.0026253309494670
0.0000000000000000
0.0000000000000000
0.0013504240995327
0.0032601349818979
0.0213509343830915
0.0523197759283733
0.0631436126779505
0.0838320778949841
0.1045377417725794
0.1288764240133808
0.1717893181632866
0.2161663494316969
0.2749556781004260
0.3324697470363782
0.3624892648453766
0.3875834415931302
0.4702389229094968
0.5445534014504162
0.5757548809547784
0.6177132707295591
0.6605281983790322
0.7106121181755209
0.7513308901596971
0.7814878155260442
0.8581504797872200
0.9139225051331638
0.9431380693490812
0.9706731346637687
0.9833671167870438
0.9925746237642884
0.9980255370527443
1.0020446929636191
1.0030440407344123
1.0021167098348234
0.9981890873700848
0.9938275959287708
0.9748448145822349
0.9369667595072463
0.9218442380349400
0.9006394849336471
0.8768758374847909
0.8544143761613913
0.8159071462847082
0.7699282871442735
0.7372890312245091
0.7006295798225738
0.6410171279280816
0.5802746363127664
0.5409145727229107
0.5005682065200260
0.4560293393457474
0.4125784810588684
0.3770025248832954
0.3457490446558825
0.3181974646543315
0.3017642165181350
0.2279061503665602
0.1538538312344862
0.1122305783016367
0.0684464143781124
0.0474188216974497
0.0284053997688039
0.0200805532576806
0.0131724829127250
0.0029514386223829
0.0000000000000000
0.0000000000000000
0.0014767016432402
0.0079862351351574
0.0224068751631430
0.0410558784790534
0.0617603782929700
0.0843785210234850
0.1027445921822561
0.1227241912806743
0.1696877493539183
0.2222661688236079
0.2652241687123696
0.3129568078961253
0.3514572280920726
0.3804961835985277
0.4673910764096456
0.5484394504267720
0.5740667216204387
0.6064405691157244
0.6546440057333820
0.7019559830336978
0.7464335077152021
0.7806992528069647
0.8482109315148932
0.9032391714313952
0.9367780887476328
0.9579596606897131
0.9643245592306560
0.9738958672050901
0.9821101438381904
0.9868017365538512
0.9881455852975225
0.9868179712283643
0.9818528113734351
0.9723447754566744
0.9520503260339525
0.9319360612682051
0.9154989345378227
0.8897103395585421
0.8689696136361059
0.8501273968482029
0.8113906749637960
0.7669805514332273
0.7328757124178188
0.6943789537099980
0.6351916203682820
0.5728459684399925
0.5394838465379982
0.5075543355598046
0.4562649775965342
0.4082281184411274
0.3713976684022878
0.3357861968185956
0.3103142317954431
0.2917476376141326
0.2092127725586120
0.1323091513113255
0.1054702078999563
0.0758950688978101
0.0513080903216081
0.0315518828858898
0.0203811703697517
0.0122570044444626
0.0028425962310800
0.0000000000000000
0.0000000000000000
0.0025759974875132
0.0144116893650604
0.0220872167560714
0.0340519847665053
0.0572042821417783
0.0838855587439181
0.1012932050896824
0.1163208244706740
0.1650861750276990
0.2259109501057544
0.2565992668117160
0.2959236685293338
0.3436895550768230
0.3794126002480176
0.4644886180501392
0.5435791029248681
0.5651393018407115
0.5892162288808783
0.6373810783888536
0.6719165856003042
0.7330720666332141
0.7826250996755579
0.8246275592318815
0.8680482413029046
0.9081394343014283
0.9424601157819664
0.9488433419573776
0.9573086179918116
0.9652816349515838
0.9700042656917056
0.9710168746285784
0.9692562739395830
0.9631977083030621
0.9535043383728361
0.9384175657846868
0.9236298772264401
0.9008034777678462
0.8720046630916335
0.8580519579759303
0.8421348411206090
0.8041593247826678
0.7630805505686918
0.7264130644441599
0.6844488568633851
0.6276320883736191
0.5641553228962423
0.5341509275638117
0.5115116214875450
0.4475537124845708
0.3906602339739275
0.3536869143734159
0.3136176757139256
0.2902816255086751
0.2708215575420265
0.1993305288959383
0.1288545147189185
0.1073690476237934
0.0804735789571875
0.0534219513986874
0.0358978918014399
0.0195379988244974
0.0094433173694080
0.0023903182528300
0.0000000000000000
0.0000000000000000
0.0025711979124324
0.0119193091694915
0.0217145009747184
0.0338355994950737
0.0535689449883889
0.0783688970510168
0.1001144848794359
0.1254247963558802
0.1557625152686838
0.1943759644426814
0.2500048412554414
0.2916672477901842
0.3424919581161956
0.3945260886752763
0.4567612587697771
0.5214524822365808
0.5511451999807068
0.5796211725463055
0.6175771549940476
0.6532440032127792
0.7071678388793872
0.7551733965658419
0.7793881793570503
0.8074592603416316
0.8624480160734384
0.9138449411877704
0.9288605839420284
0.9382170466230740
0.9460423567392523
0.9511614899994250
0.9525549397850095
0.9491701564749615
0.9419076894880679
0.9324052223837741
0.9186084616718992
0.9021455516907640
0.8794718781829500
0.8589752585521936
0.8445182024500246
0.8274708351941212
0.7911889555349262
0.7568689198472245
0.7192390376131362
0.6785113933368970
0.6213515687068942
0.5577711932297162
0.5266788688581918
0.4891458167885345
0.4259850743334431
0.3747707245391546
0.3353637449229656
0.2957597425488863
0.2688259065445479
0.2349694761358800
0.1920431331560364
0.1530547092948489
0.1103975355911962
0.0817672224496454
0.0540823653093748
0.0308777870703822
0.0174262180012471
0.0076224768506514
0.0019335796435268
0.0000000000000000
0.0000000000000000
0.0023063761928354
0.0083086037676063
0.0197595751500331
0.0342962896752770
0.0501310544692046
0.0694198683268204
0.0973383954307533
0.1327931640090671
0.1523349743144386
0.1710031971403659
0.2367867313308859
0.2900807732876326
0.3457766700695989
0.4085418454826356
0.4471878690138182
0.4971433155248222
0.5304758434039833
0.5687936317336570
0.6076705257794982
0.6466059185875876
0.6977776328029525
0.7455564488987482
0.7681339367818705
0.7910205267167026
0.8418290912823221
0.8854723991492242
0.9029153339103790
0.9130009616023131
0.9203052410909000
0.9281302686521217
0.9318850232756910
0.9305982201242107
0.9247862143643873
0.9165008775577164
0.9037881167076068
0.8869792483724244
0.8645382971779101
0.8434688972463166
0.8228346739115959
0.8037814688823076
0.7680290133751814
0.7376401622574860
0.6957348047841695
0.6601238757056374
0.6039291522434259
0.5378793257596924
0.5000155883509115
0.4509013292628383
0.4111781751579297
0.3640470550635030
0.3231600301492087
0.2825231318895128
0.2524071040193024
0.2182910881086776
0.1879675419504273
0.1679213477609564
0.1162813910060390
0.0823895044783754
0.0536337043971570
0.0262504742442004
0.0170248091980140
0.0070830816548689
0.0018469728372179
0.0000000000000000
0.0000000000000000
0.0019867338798387
0.0079804537716338
0.0182560402884853
0.0320084277338613
0.0466727623485656
0.0625822732531639
0.0924037400346101
0.1265734204518068
0.1486254413676317
0.1690473703530809
0.2319253500505989
0.3006807455764346
0.3403324781742497
0.3877702945178473
0.4307909515222521
0.4738478485479955
0.5051616423887604
0.5409707638118991
0.6005846899992917
0.6467085471233958
0.6859450093535244
0.7281417556260800
0.7536709600185324
0.7754340138265191
0.8185954083838618
0.8606437771106066
0.8833624805573105
0.8854031846425715
0.8851090781105468
0.8991878984160782
0.9187264151267519
0.9118792391807093
0.9036610234273719
0.9005039882531065
0.8922418952247705
0.8691567672339028
0.8450333291588707
0.8182009033767567
0.7965817773978220
0.7772130608787565
0.7381530901031684
0.6905627006431198
0.6561203369692972
0.6349676644224760
0.5800482052912300
0.5161981499833092
0.4769734805746134
0.4322523750349727
0.3955552170533779
0.3535474911005561
0.3118569083606355
0.2690302395287352
0.2397394033609540
0.2116437601338941
0.1824496332844982
0.1502552392578799
0.1103342657176569
0.0821193256523397
0.0559692090158664
0.0326488663317919
0.0177258523632220
0.0073669612232197
0.0018551094464381
0.0000000000000000
0.0000000000000000
0.0017814603527399
0.0077956554177656
0.0178152512151282
0.0315476816060199
0.0461187373795654
0.0596233991892770
0.0884169874854741
0.1161856701753338
0.1435350484273316
0.1700187618490305
0.2262491207113014
0.3000038725646391
0.3332251112685410
0.3761761709899351
0.4187237576505012
0.4575968459382385
0.4860687429640544
0.5060806249480216
0.5744193732651967
0.6418998245462197
0.6700610097077377
0.7038816428888679
0.7279359038917596
0.7487156127869781
0.7853149299797312
0.8126812729242305
0.8345840876736348
0.8464166884585137
0.8495225490528107
0.8531800356971294
0.8640901736589734
0.8581631893846284
0.8557876019894342
0.8552851766549476
0.8478254113602115
0.8246102045758206
0.8106115643689576
0.7909342787332315
0.7743153300033366
0.7539119499838487
0.7087941347483029
0.6633048662810777
0.6375643099937938
0.6176853939938376
0.5551092435213413
0.4953398439048283
0.4584197680261379
0.4173689068003316
0.3831072511906313
0.3434527848726337
0.2991261607658601
0.2538640653722234
0.2250893057966137
0.2014331779849309
0.1665900739251279
0.1304314615345165
0.1074497092587419
0.0814633221682671
0.0569589151282148
0.0384967618405035
0.0196707689209015
0.0080363667881156
0.0019451176803331
0.0000000000000000
0.0000000000000000
0.0014288017612135
0.0061063279511698
0.0176144599432477
0.0344241546113076
0.0471800458144835
0.0611058931104765
0.0860815326621522
0.1130845413991354
0.1400178141250330
0.1675842184792294
0.2100115360973411
0.2683066611773283
0.3252255193655297
0.3712399227848917
0.4068563250163423
0.4420227341578515
0.4692177300411962
0.4899083410034917
0.5330377668988903
0.5997471339971169
0.6568088252098016
0.6858163064937461
0.6979397177425549
0.7146957820895695
0.7544093662378308
0.7687262220281914
0.7759334822641186
0.7996894689570697
0.8108726876955344
0.8063291392776535
0.7925229753871369
0.7966363856578964
0.7999541014228747
0.8026285846222818
0.8054388950512323
0.7791924935487178
0.7696332671777900
0.7683308052534868
0.7611330020730652
0.7197903248674328
0.6713329008794399
0.6401711866318962
0.6145108263111737
0.5768347808558193
0.5150003081598123
0.4739596737509745
0.4380754731081586
0.4053355395036071
0.3722283253026538
0.3374702572941960
0.2907991584741490
0.2358678675409778
0.2094548098462766
0.1807712651898597
0.1525996738665123
0.1285811990888756
0.1038660325632283
0.0807692848677968
0.0572509716419112
0.0394684820064956
0.0203935257597656
0.0082350756224083
0.0019697776833041
0.0000000000000000
0.0000000000000000
0.0010382436061649
0.0031602662211389
0.0167546327114183
0.0400277802923942
0.0482053249049747
0.0626396800903130
0.0852014794219248
0.1121722131524997
0.1392449864280545
0.1665422680768301
0.2016442234929647
0.2293324246050258
0.2978788777140258
0.3612425363292378
0.3889362278094088
0.4170176758280625
0.4429095936712586
0.4696510622676014
0.5050577960719842
0.5346594204731213
0.6054351978349578
0.6599901160223007
0.6689073919489928
0.6791663378779961
0.7077533232396441
0.7327016088155827
0.7444033064583077
0.7599966253185316
0.7692751839174655
0.7708348506850522
0.7687090129635520
0.7670895268781743
0.7663661823703471
0.7662712083544616
0.7615207685689085
0.7488121921690409
0.7399479783903159
0.7353181399367015
0.7003430510693168
0.6530430220543549
0.6346024482847350
0.6075364163144100
0.5720268520227981
0.5309320310420855
0.4927445253560376
0.4555145007822040
0.4157205104696449
0.3866303646735781
0.3500668683250402
0.3223809196964213
0.2677090562894663
0.2098797366289696
0.1925860353798865
0.1656030922740920
0.1456091662797421
0.1273240956624268
0.0988779536483403
0.0774127885856575
0.0532984209685757
0.0371101798634046
0.0186967058694978
0.0076654419272850
0.0017999583473234
0.0000000000000000
0.0000000000000000
0.0008714598867019
0.0032119197594089
0.0151905614682022
0.0370385302023409
0.0469838722756549
0.0604320156231682
0.0840767046433493
0.1109753285813611
0.1389012872211868
0.1711886267008906
0.1924675773794247
0.2124563491188275
0.2771020603337093
0.3424948672692225
0.3692596978768547
0.3941937525706191
0.4152767405206472
0.4386724685079572
0.4701996912945116
0.4951641669096769
0.5476249302153401
0.6189971845032327
0.6416575432306055
0.6441133010007853
0.6479375482042664
0.6812090314665523
0.7033337063135012
0.7224423917438887
0.7371431638125387
0.7365263473468396
0.7327326210841312
0.7342490878139307
0.7339508540033348
0.7222240436512406
0.7049745663102727
0.7156294823595230
0.7230968643243544
0.6721046609542243
0.6207899178309442
0.6114478359513794
0.6001253681092998
0.5654218664962161
0.5323320769031411
0.5006040081660973
0.4639343035266589
0.4216700958149366
0.3850960250285437
0.3545398423766937
0.3197219162430980
0.2906123953604697
0.2426320755691532
0.2011795425960816
0.1804502865740598
0.1580605512102564
0.1381224386801597
0.1175693715019468
0.0908968851704752
0.0700330761146626
0.0472838800552860
0.0284114077545311
0.0153732420245344
0.0062236702228690
0.0015993399887166
0.0000000000000000
0.0000000000000000
0.0009635942177281
0.0039534152443907
0.0130409487830331
0.0279374732959416
0.0390604734393988
0.0508945495283083
0.0760217668239765
0.1031528479864375
0.1353584249306500
0.1759386533009839
0.1864135765725617
0.2019105006115480
0.2626007719236167
0.3271495944665777
0.3529594262162851
0.3776449201350526
0.3966224901305760
0.4167237405033681
0.4459718704098863
0.4691348919915721
0.5092837747106269
0.5454222577000895
0.5728430704145923
0.5943974838947281
0.6103342183874839
0.6328976178631200
0.6542068489552926
0.6719695948216403
0.6880641916473694
0.6964631638526418
0.6980381794045398
0.6979011572015169
0.6954471898319704
0.6896432130094566
0.6846334785560796
0.6811632992858301
0.6611843646631566
0.6107960560837421
0.6011282279941668
0.5877361706459644
0.5666501295042089
0.5368365839140568
0.5132682647725505
0.4826474525240038
0.4417897056312525
0.3999181805385015
0.3681342585385630
0.3377931142637433
0.3042837737776466
0.2763589065253270
0.2328325310029713
0.1955604184419490
0.1704194064582286
0.1486832637013404
0.1235181586775070
0.1008151374595442
0.0796192675014385
0.0612608511450884
0.0414033969918896
0.0241910667671856
0.0146976428491484
0.0060869114145895
0.0016576829078680
0.0000000000000000
0.0000000000000000
0.0010725206777060
0.0046074047140299
0.0098247312128810
0.0181294496920683
0.0327627315684956
0.0461280755045018
0.0657499000924185
0.0897889963403923
0.1274950587701744
0.1693549005335105
0.1777879796903480
0.1884370478253707
0.2500272071153637
0.3109826409259746
0.3365503946748815
0.3596671326162306
0.3739996974688011
0.3928842406609956
0.4295587931253784
0.4458810880135803
0.4560334013904416
0.4778086729264472
0.5058592503194593
0.5352756135892817
0.5565628400693714
0.5801677284798689
0.6072845683804866
0.6240824976966063
0.6415780210455759
0.6555001917659687
0.6612076682585268
0.6601862077443983
0.6571833175183488
0.6579017977395810
0.6554097855248686
0.6421810082273066
0.5980455213616358
0.5749754483270435
0.5678409416907759
0.5578871279569341
0.5368086292281151
0.5209938750822417
0.5015047473935372
0.4616829163367575
0.4193704875842127
0.3817964066193617
0.3513694785933487
0.3137706931726315
0.2830710667262419
0.2579545819550458
0.2181610543129932
0.1843478974982313
0.1587405331412580
0.1361149282668645
0.1104774483487121
0.0840379667278044
0.0673390180276418
0.0515149924262298
0.0363605075190891
0.0235130752290997
0.0146612078875354
0.0075839806346948
0.0017878273019635
0.0000000000000000
0.0000000000000000
0.0010421877217420
0.0046940611694754
0.0086740968377113
0.0130934089063719
0.0256293313184686
0.0411061418968511
0.0578500556560736
0.0775328827824431
0.1150645565848148
0.1599066030290081
0.1676954672480641
0.1745747961416494
0.2187775269971918
0.2686636956697044
0.2946564074168667
0.3296297485422279
0.3438780547745520
0.3563537833980908
0.3926883760030970
0.4255399940597536
0.4359753830524067
0.4534099405307739
0.4784052861250904
0.5067461016605497
0.5280482459610479
0.5449035024720188
0.5626218859451769
0.5742491443096910
0.5883874741470654
0.6018519562074514
0.6112525270694399
0.6214460261850649
0.6246677002388746
0.6229753553846019
0.6091978856690266
0.5913396187215529
0.5648923559894586
0.5442138095803268
0.5349618703917425
0.5239972868027468
0.4993423781759703
0.4841607207175853
0.4416201857117555
0.3893095606570511
0.3685524102420544
0.3412687372344523
0.3144046293069580
0.2804229012551404
0.2621257201696314
0.2401843005759363
0.2023097642215260
0.1694466500808802
0.1420601666706618
0.1212308894116250
0.0983518710304456
0.0749975403056400
0.0628235033331446
0.0482162191850697
0.0349847678291134
0.0234037745036517
0.0145581617335354
0.0088210678667325
0.0019026406154054
0.0000000000000000
0.0000000000000000
0.0008978274203629
0.0036123194690923
0.0075881786244670
0.0122547783893783
0.0204438112275890
0.0307270912532807
0.0498895119254816
0.0693020651472139
0.0976548018579984
0.1428283542813318
0.1597037815771218
0.1683064459040694
0.1796046790370644
0.2045340927249625
0.2528041429476903
0.2945868338948773
0.3152643200659872
0.3279690127009869
0.3494246945238835
0.3901638849542631
0.4098903779325407
0.4264061228037895
0.4449611589922183
0.4731444822978293
0.5078035728995284
0.5170643121178827
0.5210320271233932
0.5244652142846096
0.5290109910232745
0.5446155643043099
0.5587631739583540
0.5799327893571868
0.6006187965642700
0.5917501836352411
0.5679251461436604
0.5370509087283483
0.5070496048287799
0.5106063868662997
0.5122901612593592
0.4840627355617675
0.4490377723917791
0.4299848154635182
0.3789154872968223
0.3319852426771666
0.3167298551607019
0.3044896439709799
0.2850668515472746
0.2568910663707710
0.2411938796619143
0.2246172907778437
0.1887981344557592
0.1434680109677119
0.1223209783676951
0.1049502670138606
0.0877477653998515
0.0733569982410070
0.0600899345377009
0.0469460289411341
0.0339505573895837
0.0227718881350867
0.0141529345364998
0.0072973674204938
0.0016786930815786
0.0000000000000000
0.0000000000000000
0.0008761662486756
0.0032038244209318
0.0072170682046318
0.0121712003137829
0.0192766843045610
0.0270260626581288
0.0450733595322837
0.0639785823201287
0.0871603250443193
0.1101914106149347
0.1360274988806164
0.1606100762866369
0.1709340752399428
0.1856950592086272
0.2250878885342314
0.2602318156323988
0.2820600820238216
0.3034596528822377
0.3281260008131046
0.3583511279277750
0.3793603043621183
0.3979812838957241
0.4126366556779704
0.4226396978153535
0.4469716409595811
0.4613483988391966
0.4701156406803630
0.4867627880621095
0.4990391488661690
0.5118404848474580
0.5197202183559103
0.5220501126155709
0.5147570414778556
0.4956650559089538
0.4751763600193340
0.4507916359507812
0.4379193344425146
0.4305248400104708
0.4224980581435855
0.4055602630133186
0.3962737750647940
0.3824505144085628
0.3440203599015236
0.3011051733568856
0.2881381814220791
0.2772479339943894
0.2562362357277310
0.2308812876966036
0.2136916947295188
0.1989950533034086
0.1604717294773140
0.1238111417250957
0.1125485398080776
0.0968759752857843
0.0819084525950344
0.0714355116423113
0.0563608993029224
0.0448971128847642
0.0311566462030227
0.0203907395190679
0.0120933366232005
0.0048791367657029
0.0014859579471760
0.0000000000000000
0.0000000000000000
0.0008715068600369
0.0037184680902148
0.0071552575194084
0.0114804715550158
0.0183640541422806
0.0265656214685700
0.0416422826533823
0.0592969793130605
0.0735905781824771
0.0909459591929769
0.1136743492459806
0.1418663786571015
0.1572660286385319
0.1706371647317970
0.2022898924400058
0.2324206368599402
0.2500069982173626
0.2715890596847372
0.2964411567373024
0.3254015709498014
0.3544059124228273
0.3706195298691896
0.3792240345925348
0.3838252191377233
0.3905056484187794
0.4006954152783188
0.4082013090043876
0.4358309179134185
0.4732966122033818
0.4824833610738680
0.4829803652021923
0.4709908311418770
0.4314571060214656
0.4037295768754092
0.3848861483591908
0.3675195129427795
0.3573344879849588
0.3469759536149600
0.3355093428588047
0.3397882497252394
0.3421473017876839
0.3373045484439587
0.3114882130411458
0.2669168516852498
0.2554071166687678
0.2484033264315863
0.2326255427016527
0.2092071801604032
0.1921658109758634
0.1579177067359138
0.1317592002223433
0.1185131100776792
0.1058155167163759
0.0871022151011393
0.0739035463429820
0.0629176635122847
0.0505446730409916
0.0423278944481435
0.0284532496025826
0.0164056443580133
0.0106153538543157
0.0057108315095062
0.0013885098084618
0.0000000000000000
0.0000000000000000
0.0009068774666670
0.0048528488531048
0.0068585391848606
0.0105182713974108
0.0171784687401219
0.0261178510340602
0.0388846739986216
0.0559845922839559
0.0677152491880301
0.0838222850338418
0.1058325827889690
0.1291444184636630
0.1449049410861060
0.1572199852325246
0.1834744337838413
0.2132834628220868
0.2302396830723970
0.2507308191241545
0.2738691142076006
0.2925979067357800
0.3170222608019409
0.3326323152448704
0.3389863239234885
0.3440603461110832
0.3533834959786465
0.3630130179218176
0.3683890494133626
0.3728498401411327
0.3867615509312005
0.3932974603141631
0.3927522878261352
0.3848707781397416
0.3696174363074137
0.3503863860604292
0.3388972943975933
0.3261455977406422
0.3180792191334099
0.3109333206828504
0.3056877349921681
0.3038616064787018
0.2972533249607069
0.2915007047264218
0.2519648184613553
0.2188513414480726
0.2117871335373762
0.2056965241611645
0.1897276162280109
0.1720593223106904
0.1568147702003134
0.1324122966923471
0.1231102846240804
0.1141624947807418
0.0935481866565928
0.0730698464428892
0.0646179839797028
0.0546292876176661
0.0451298239693868
0.0387622118524893
0.0249847891992254
0.0140964213622190
0.0100991485882775
0.0068218023589578
0.0014240467868848
0.0000000000000000
0.0000000000000000
0.0006762739207628
0.0032108171799108
0.0061928015057750
0.0100789396892308
0.0156273882144774
0.0230373591608254
0.0354366686042587
0.0501838067157841
0.0596894642336309
0.0724099800757669
0.1000606993840937
0.1221003749896635
0.1356420647626929
0.1467878639708515
0.1608669749996036
0.1864410298045591
0.2100343312390721
0.2301939206780988
0.2544800074259061
0.2707774854541380
0.2900489838461490
0.2977830343995747
0.2996593798602782
0.3041852382693463
0.3123989483186335
0.3234782601320507
0.3267722689514894
0.3200876198608024
0.3059554132300307
0.3097585966050599
0.3159504420567481
0.3122370324988387
0.3053358102567689
0.2995197211858110
0.2942939369486954
0.2858617095522644
0.2795380920247701
0.2724340772356461
0.2661503106138507
0.2697853033728688
0.2738735186993632
0.2235267422458759
0.1846204135018470
0.1753206713503996
0.1708528127220129
0.1609074000753790
0.1466739116307417
0.1418986723962009
0.1337113735917040
0.1180224480190595
0.1111141135309410
0.1033306410828599
0.0829993793853824
0.0653197423000390
0.0572719892380327
0.0462727942874994
0.0381060307716804
0.0305355968898032
0.0212713057552356
0.0150601611968000
0.0095992258625771
0.0053734286630159
0.0011879965527876
0.0000000000000000
0.0000000000000000
0.0005973573483397
0.0022360739795414
0.0051015495141796
0.0093435877426471
0.0143751511647812
0.0208722764928698
0.0323035878373508
0.0447335724066481
0.0521415961088134
0.0571603871784008
0.0804799397253168
0.1027090375299970
0.1139837592730480
0.1324863320207633
0.1446870842117651
0.1580573591431748
0.1744007189065893
0.1865850576157517
0.2055586652413267
0.2217611116329361
0.2419711488862865
0.2627323486511685
0.2679265658308604
0.2738989246020008
0.2827740714375802
0.2905722624739732
0.2913449226431014
0.2871034376386579
0.2802541221352716
0.2761043871258236
0.2733798124715666
0.2699993688373706
0.2662921297481086
0.2632930781812791
0.2599115325415288
0.2537953976425276
0.2474415978303216
0.2400380296726101
0.2318270149220611
0.2277978527290606
0.2103516761478438
0.1785037088688546
0.1710536139057008
0.1594943354533678
0.1515211443337989
0.1436657126703929
0.1348960213928904
0.1284729041513458
0.1139419335891220
0.0985581023956021
0.0909258119137586
0.0841114716817337
0.0689804768045858
0.0544670643431538
0.0466138335239526
0.0374858378192425
0.0322723328803706
0.0257480975071640
0.0195209060613736
0.0152257865474581
0.0083601191664768
0.0036855641175352
0.0009992587142283
0.0000000000000000
0.0000000000000000
0.0004878677887199
0.0019255351408058
0.0038764402340911
0.0069583843742528
0.0132815931298597
0.0199352564588229
0.0295010440358296
0.0401583501371987
0.0453535587116045
0.0499276779711054
0.0620767242656008
0.0788412926244933
0.0898001297701023
0.1075764061651729
0.1304170413251047
0.1380398044014620
0.1422329042485564
0.1489741355119111
0.1605778382473290
0.1737012287901559
0.1915139386311794
0.2239587326366933
0.2381263031496791
0.2438908804359691
0.2498364526811117
0.2610128552276333
0.2655782701888973
0.2558747608318411
0.2463630596518836
0.2404685761536245
0.2333968383328814
0.2278900423932612
0.2238354321491562
0.2267373812371999
0.2304728740061767
0.2242240813670227
0.2178038857788898
0.2073573759423864
0.1959104316678658
0.1799673772656158
0.1563820192996988
0.1543357108971972
0.1529692873543241
0.1420303697585983
0.1338652519536540
0.1263685289400422
0.1185562851034760
0.1128204886442781
0.0974675075530221
0.0786844406180027
0.0720635722895024
0.0656763616139975
0.0537995126653230
0.0444600820903924
0.0381155870418643
0.0323077210933531
0.0278699687872810
0.0221505555916005
0.0169505035971431
0.0122374908714556
0.0067346519505518
0.0031951648448477
0.0008203398216773
0.0000000000000000
0.0000000000000000
0.0003872818393363
0.0016683449603561
0.0030855778044198
0.0044754134474344
0.0102452368290413
0.0178418746889839
0.0251386644385556
0.0350062575821286
0.0393958991361989
0.0449725196469381
0.0561638570918814
0.0699963323829658
0.0794079993623445
0.0867492492952503
0.1031377293328014
0.1135495271969337
0.1173503645441543
0.1220317144194738
0.1314667382036086
0.1450178766257238
0.1629188733625455
0.1819461495224728
0.1943872290502049
0.2045288014353277
0.2141577663610093
0.2217087724375837
0.2243637221631108
0.2202421174573817
0.2172115669201419
0.2144039509659591
0.2091801440985336
0.2023339696697485
0.1964285877695270
0.1945414608129553
0.1919041000868141
0.1850167345567569
0.1788712005120252
0.1719691297585492
0.1649041622341906
0.1548654545845151
0.1450995134900124
0.1376476769831506
0.1282169054744309
0.1189369297039679
0.1138268780742623
0.1082221058904181
0.1015571475663545
0.0958849477745537
0.0799337072257455
0.0659585187467190
0.0616419530740064
0.0561782570925780
0.0463883872975945
0.0380635137356716
0.0318913743320926
0.0269357209559349
0.0219869382418170
0.0170690203777683
0.0130597309017762
0.0091096798387563
0.0058119377099979
0.0029813389439673
0.0007676672426471
0.0000000000000000
0.0000000000000000
0.0002775728362191
0.0011740503255864
0.0024745007175032
0.0038600421638624
0.0077852227841885
0.0136174783601576
0.0203978742320801
0.0290678472094736
0.0337132841692233
0.0386306623451259
0.0483916818454145
0.0605115236981103
0.0699628800434022
0.0754160059531425
0.0857009475976216
0.0910136016661420
0.0928748964153820
0.0960017005352573
0.1007172973892645
0.1113716645944316
0.1366117608517509
0.1483953138577969
0.1553145920901542
0.1671098657981721
0.1809853601618407
0.1894947301329918
0.1946477830576926
0.1885887032125221
0.1859847715202497
0.1893825996976227
0.1938445417484329
0.1734054410730094
0.1632807965074635
0.1633051134985017
0.1655158165114850
0.1488969466518269
0.1422810433739472
0.1411980280190071
0.1392463535480974
0.1342788670071562
0.1276194938267208
0.1181791104238922
0.1060190803378290
0.0982436606691063
0.0944755474778753
0.0919717700844374
0.0874152460850144
0.0749366257252920
0.0608025028104306
0.0562209305727671
0.0532643493386479
0.0472960595245652
0.0384805463461862
0.0304512598321753
0.0254641887743882
0.0217369630810961
0.0173746816174512
0.0129575273371278
0.0098446883635123
0.0071548921272663
0.0048394669794131
0.0030358970977377
0.0007363041432982
0.0000000000000000
0.0000000000000000
0.0001976622879040
0.0007669461797049
0.0019597930554602
0.0034814344420953
0.0063741256672250
0.0108141517989193
0.0167793700196702
0.0239211053404530
0.0279293241584442
0.0315650215922726
0.0382103298572885
0.0433089720528077
0.0482336103313613
0.0521195594690325
0.0606468506334100
0.0731536166063598
0.0767977283012948
0.0827834959777017
0.0871487975844710
0.0900253590974049
0.0978966923516684
0.1046711831295467
0.1095997020282007
0.1166082891856822
0.1273553926094344
0.1355647336330236
0.1445455253267872
0.1544980570577540
0.1539258770252963
0.1534737878485016
0.1433876784307990
0.1366697729550699
0.1354373990365506
0.1345509167384358
0.1273612583070756
0.1187509455612727
0.1170143908255751
0.1149497334509324
0.1104628807812811
0.1048170015410481
0.0961267235586316
0.0887333306060601
0.0830965282104740
0.0790414876109831
0.0759860864754630
0.0725607907667623
0.0645974384046891
0.0572017950546043
0.0528273749994969
0.0481698435515103
0.0429492685512521
0.0376292819189090
0.0315384855997406
0.0251419139587704
0.0214926307641021
0.0182265188122974
0.0139921252279476
0.0102923681920188
0.0078738904539008
0.0057498277678973
0.0038509687496764
0.0028615830873628
0.0005638483208251
0.0000000000000000
0.0000000000000000
0.0001309332442707
0.0005146252752517
0.0016575672355207
0.0031545794767736
0.0045488130260172
0.0069778617581541
0.0141185107673778
0.0199867317961482
0.0227803420723253
0.0255792647602158
0.0302930139385128
0.0308786102321416
0.0307084453309763
0.0314406168916895
0.0341955431636884
0.0491439842885029
0.0634613013546245
0.0708128245025354
0.0757473916653655
0.0719755208896768
0.0637836421391774
0.0656101479543861
0.0677887640410495
0.0731004773393954
0.0866806401665837
0.0890203431188401
0.0929748721451186
0.1218341382215385
0.1334284002306357
0.1122369890001955
0.0890228331722815
0.1022060170009426
0.1115570628131904
0.1061569866301120
0.0903590679994488
0.0917950963229030
0.0926641214611178
0.0917290423888623
0.0877763897799046
0.0765059208235777
0.0669971039154923
0.0616793454446879
0.0585385712035329
0.0611511399777751
0.0632181457195265
0.0520490481799292
0.0435181189379825
0.0436248373429492
0.0446554950581443
0.0394620649978148
0.0338450454078914
0.0298880907373366
0.0253812152617047
0.0205708620941300
0.0176804725701050
0.0143366520656828
0.0107587114445869
0.0081289434308493
0.0062122430941054
0.0042450972419757
0.0027634306079634
0.0014910755868669
0.0003014513995520
0.0000000000000000
0.0000000000000000
0.0000896921958793
0.0002911628422698
0.0011700612043141
0.0027519881128383
0.0035504840599911
0.0043148446982979
0.0080840396447634
0.0123691306207200
0.0139755558277390
0.0156012983308308
0.0182614604630151
0.0208735544543872
0.0221329866941199
0.0243956291255649
0.0276548917875233
0.0316597879250882
0.0398101588417477
0.0437446592341395
0.0446474980917942
0.0443536140782106
0.0454501760039448
0.0486692226373507
0.0500137709857392
0.0512017179108871
0.0517843426673600
0.0541063848320237
0.0581668761264181
0.0623959940850767
0.0686274807825107
0.0710965092241767
0.0723293432576939
0.0734500743463966
0.0741143801559363
0.0718495571257817
0.0694521448112597
0.0686567987402224
0.0682094420802395
0.0665773344832574
0.0610258341510669
0.0546858033602449
0.0512457406613982
0.0479955394315702
0.0460823915198063
0.0448817112098835
0.0417493177024152
0.0365894150735193
0.0343769553036904
0.0323776498309511
0.0278740765140772
0.0240475255435499
0.0211751670630824
0.0183170345874719
0.0149485604119104
0.0122531879102942
0.0107269081245986
0.0090568549997403
0.0074517783854911
0.0057129898815901
0.0042433803105640
0.0029154054002437
0.0019560509687718
0.0009394458045842
0.0002438960226337
0.0000000000000000
0.0000000000000000
0.0000698506691847
0.0002666596085388
0.0006635259403227
0.0016826087792243
0.0028535409652230
0.0032140233869861
0.0036942971082236
0.0058153311584725
0.0078253871509020
0.0083505205272567
0.0091337295229570
0.0122013211278229
0.0144201182281556
0.0167310585768262
0.0186187007117683
0.0211460699721023
0.0276819352327826
0.0240983125717928
0.0218764443762800
0.0234827331153621
0.0261119284925521
0.0324287105411324
0.0387158871164700
0.0313942122904018
0.0245585212899100
0.0255726637599417
0.0283242896519646
0.0264217750930851
0.0265535467372187
0.0388132277290386
0.0547030829992609
0.0521266217499254
0.0463998386656353
0.0453329077561272
0.0453920936992799
0.0484031490304219
0.0502869887488578
0.0454429337273588
0.0394680785980273
0.0376483142290325
0.0364858126717063
0.0352371826430260
0.0339047178090506
0.0308968999461129
0.0264729626414281
0.0263458202024806
0.0256450988322091
0.0204752926832243
0.0144726792203695
0.0130409911930212
0.0117342786669983
0.0087746911428587
0.0067659431604343
0.0059460453287456
0.0055178525851998
0.0054615277216789
0.0051568826076632
0.0035067482818232
0.0025948316112545
0.0021940072071275
0.0015906186328717
0.0006574535329527
0.0001628979173416
0.0000000000000000
0.0000000000000000
0.0000480718762866
0.0002354940980441
0.0004153201819453
0.0006066494609186
0.0012145642414356
0.0020027284253322
0.0024876568811288
0.0031165199034081
0.0037301877196785
0.0042090743493325
0.0050458797439208
0.0066642129211709
0.0081970246085711
0.0096895685636923
0.0103837100820349
0.0108992901548961
0.0131289247690303
0.0159901733323654
0.0163951863781943
0.0168933313197288
0.0170427360443281
0.0172784628797318
0.0182646379545823
0.0185501264119341
0.0180022327185360
0.0173631151630937
0.0166406141285319
0.0174723506666451
0.0195979296027480
0.0220815933629420
0.0292482156496643
0.0307661351378155
0.0285302780959870
0.0257037628896465
0.0231929301570495
0.0233308082362347
0.0249247721929144
0.0268455192889095
0.0274210126764605
0.0272309430465779
0.0262892620441004
0.0249836265646659
0.0236018507611091
0.0223653213750262
0.0207235432905153
0.0186995801001600
0.0157681988273852
0.0125758225894402
0.0107112271850914
0.0091932926026998
0.0073605475373565
0.0056018802051577
0.0046314628823020
0.0039090191995296
0.0034757553621427
0.0032335720920706
0.0026325412409249
0.0018557100201166
0.0015343064310028
0.0013313649369668
0.0006477814902008
0.0001597463897685
0.0000541036355100
0.0000000000000000
0.0000000000000000
0.0000257967659435
0.0001173899563721
0.0001851481535795
0.0002082669589487
0.0002556121281378
0.0006597914632589
0.0014990679524673
0.0014494702489796
0.0012953671088412
0.0012559721376977
0.0013795495430237
0.0023020738193706
0.0042916677363602
0.0046954939668929
0.0045837470722367
0.0039276867995774
0.0032861589191157
0.0079696193347378
0.0129854617780788
0.0112867565525620
0.0092021363439884
0.0069921886127641
0.0052123450950158
0.0092381264669352
0.0135373408248309
0.0094492427161567
0.0068745764990609
0.0087339430062901
0.0114722905338076
0.0130147008319959
0.0169876956869791
0.0176952234043878
0.0159146580415641
0.0092470949187307
0.0060276833874551
0.0063957236175112
0.0082359904980661
0.0127116917299337
0.0186624835768991
0.0189529081624873
0.0180721804361961
0.0161391727996360
0.0145300637770004
0.0154062818863947
0.0164275263413284
0.0120685127466230
0.0085777156536423
0.0072488985137246
0.0064708045959805
0.0056195680774644
0.0043538996357750
0.0031607588414797
0.0025717795492617
0.0020641822543157
0.0017190905090602
0.0015217207111246
0.0011243439216276
0.0008457057390826
0.0007056343742905
0.0004253903749985
0.0000977168686729
0.0000279727489402
0.0000082207893683
0.0000000000000000
0.0000000000000000
0.0000070631181404
0.0000276008479287
0.0000413114437370
0.0000570170597044
0.0000867178812875
0.0001201534858761
0.0002660769968152
0.0003346940045826
0.0003325233524936
0.0003394839042867
0.0004061680192631
0.0005096506553366
0.0008773504799543
0.0011046249590549
0.0010852000907318
0.0010180036804129
0.0012010815541971
0.0013425019973322
0.0024050948791438
0.0024741692539542
0.0022178199098094
0.0017575845297050
0.0017613160329944
0.0018052740042277
0.0024356901612605
0.0020654026708015
0.0020840401025523
0.0021823900397226
0.0027038624555273
0.0030674034388486
0.0037874769675633
0.0039631490431091
0.0033445376335175
0.0020986331427674
0.0018150113721213
0.0017403053532805
0.0022158152401189
0.0027167959450362
0.0039712821313551
0.0044973523612785
0.0043603789181261
0.0039990034037471
0.0038346557281549
0.0037446768590454
0.0034665799322609
0.0026004706165164
0.0022664882760593
0.0018463605791072
0.0016021086573030
0.0013966015299236
0.0010686698832432
0.0007760959779111
0.0006406679051803
0.0005183104221585
0.0004410058600045
0.0003832127369432
0.0002835018155630
0.0002034560217762
0.0001555803719696
0.0000880360925271
0.0000358439555659
0.0000085302204092
0.0000019272312562
0.0000000000000000
0.0000000000000000
0.0000000000000000
0.0000000000000000
0.0000000000000000
0.0000000000000000
0.0000000000000000
0.0000000000000000
0.0000000000000000
0.0000000000000000
0.0000000000000000
0.0000000000000000
0.0000000000000000
0.0000000000000000
0.0000000000000000
0.0000000000000000
0.0000000000000000
0.0000000000000000
0.0000000000000000
0.0000000000000000
0.0000000000000000
0.0000000000000000
0.0000000000000000
0.0000000000000000
0.0000000000000000
0.0000000000000000
0.0000000000000000
0.0000000000000000
0.0000000000000000
0.0000000000000000
0.0000000000000000
0.0000000000000000
0.0000000000000000
0.0000000000000000
0.0000000000000000
0.0000000000000000
0.0000000000000000
0.0000000000000000
0.0000000000000000
0.0000000000000000
0.0000000000000000
0.0000000000000000
0.0000000000000000
0.0000000000000000
0.0000000000000000
0.0000000000000000
0.0000000000000000
0.0000000000000000
0.0000000000000000
0.0000000000000000
0.0000000000000000
0.0000000000000000
0.0000000000000000
0.0000000000000000
0.0000000000000000
0.0000000000000000
0.0000000000000000
0.0000000000000000
0.0000000000000000
0.0000000000000000
0.0000000000000000
0.0000000000000000
0.0000000000000000
0.0000000000000000
0.0000000000000000
0.0000000000000000
