0.0000000000000000
0.0000000000000000
0.0000000000000000
0.0000000000000000
0.0000000000000000
0.0000000000000000
0.0000000000000000
0.0000000000000000
0.0000000000000000
0.0000000000000000
0.0000000000000000
0.0000000000000000
0.0000000000000000
0.0000000000000000
0.0000000000000000
0.0000000000000000
0.0000000000000000
0.0000000000000000
0.0000000000000000
0.0000000000000000
0.0000000000000000
0.0000000000000000
0.0000000000000000
0.0000000000000000
0.0000000000000000
0.0000000000000000
0.0000000000000000
0.0000000000000000
0.0000000000000000
0.0000000000000000
0.0000000000000000
0.0000000000000000
0.0000000000000000
0.0000000000000000
0.0000000000000000
0.0000000000000000
0.0000000000000000
0.0000000000000000
0.0000000000000000
0.0000000000000000
0.0000000000000000
0.0000000000000000
0.0000000000000000
0.0000000000000000
0.0000000000000000
0.0000000000000000
0.0000000000000000
0.0000000000000000
0.0000000000000000
0.0000000000000000
0.0000000000000000
0.0000000000000000
0.0000000000000000
0.0000000000000000
0.0000000000000000
0.0000000000000000
0.0000000000000000
0.0000000000000000
0.0000000000000000
0.0000000000000000
0.0000000000000000
0.0000000000000000
0.0000000000000000
0.0000000000000000
0.0000000000000000
0.0000000000000000
0.0000051188853557
0.0000133879655777
0.0000188415231841
0.0000237336411195
0.0000377496693983
0.0000641340637860
0.0001072365803907
0.0001455194424823
0.0001835274844695
0.0002257027382315
0.0002731977067412
0.0003268679868365
0.0003755264616611
0.0003751189257189
0.0003513375159466
0.0003341348267269
0.0003649245484248
0.0004170887378504
0.0005503754297155
0.0006223900117252
0.0005867947933937
0.0004969910483767
0.0004493094641376
0.0005034808909304
0.0006183421475542
0.0007006227952823
0.0007591907792355
0.0008116560190478
0.0011518761693119
0.0014938855618634
0.0017213925192621
0.0017707888645307
0.0014525862644253
0.0009168034610732
0.0008235782339271
0.0006958011743253
0.0006388742664394
0.0006039109383458
0.0006072950677562
0.0006398483886864
0.0006269498935149
0.0005150947281057
0.0003888470296621
0.0003355376739878
0.0003434971260503
0.0003475866668656
0.0003940117773444
0.0004260680487769
0.0005177697558939
0.0004891643256979
0.0004674600573981
0.0004159335356882
0.0003412860354994
0.0002083622856911
0.0001675904581751
0.0001252249336003
0.0000993099538389
0.0000871148556539
0.0000835633722534
0.0000838890326051
0.0000710070368019
0.0000293836832238
0.0000104969052479
0.0000000000000000
0.0000000000000000
0.0000150578715058
0.0000473536387391
0.0000747972771333
0.0000829082792035
0.0001004111889149
0.0002856104953752
0.0004777453632353
0.0006448013643365
0.0008298039966410
0.0009478079430117
0.0010983681215724
0.0015376425676755
0.0019385594829848
0.0017464790578763
0.0014971887865658
0.0013645025740801
0.0013283573224552
0.0018249391057877
0.0026855668518608
0.0027679100819647
0.0026123329038239
0.0021012721058999
0.0013510710386282
0.0022096645887635
0.0029049946771526
0.0029240076953998
0.0029992575549709
0.0036292968715551
0.0064247623246841
0.0074814756306656
0.0079266566675871
0.0097019460526253
0.0098711197759896
0.0047262438355395
0.0030868962199618
0.0028090419882827
0.0027667696351719
0.0024875311038065
0.0023296497042662
0.0027666230597907
0.0029786438913542
0.0022989186720786
0.0012198102899322
0.0013579925871196
0.0016881012869481
0.0014100277023560
0.0012983061131216
0.0023402604476436
0.0038312010704711
0.0026548185154071
0.0016504186291671
0.0019231060937806
0.0022819821783445
0.0011204963266560
0.0005954028392890
0.0004830259260656
0.0004068722920106
0.0003427007801379
0.0002948429090727
0.0003462455641324
0.0003365600617343
0.0001531635251287
0.0000284744250012
0.0000000000000000
0.0000000000000000
0.0000302555392980
0.0001098643240757
0.0002104161761447
0.0002842966852179
0.0005639210271043
0.0008821713871171
0.0010615575947930
0.0013865484371036
0.0017301245721525
0.0020080409742404
0.0024532205169326
0.0031708261554148
0.0036674787328724
0.0039375476508974
0.0041978681437560
0.0045662724963472
0.0053847808874710
0.0061798614716039
0.0067420285649350
0.0071046661855740
0.0070622792772484
0.0068922172697470
0.0063270905500182
0.0066241044896031
0.0067786100775932
0.0071186719244844
0.0080022039653300
0.0094241532277080
0.0134445334736342
0.0161449797952209
0.0176981931297801
0.0182938449301355
0.0169637551943738
0.0142149918840695
0.0112508901778271
0.0088229054081513
0.0079648504142603
0.0077537933383932
0.0080259481184418
0.0079416458235421
0.0077456727024144
0.0076079160482438
0.0076144746786795
0.0079159116027333
0.0077694831113927
0.0071038415518213
0.0064288481076353
0.0065210892937632
0.0065730730612336
0.0065330715796048
0.0057897920510988
0.0050794835584488
0.0044754655136853
0.0038580135375668
0.0030553962815770
0.0024865955872300
0.0019315772042346
0.0015576124963409
0.0012326357253127
0.0008013127174883
0.0006131888998521
0.0004238214032743
0.0001011173351579
0.0000000000000000
0.0000000000000000
0.0000449081955734
0.0001901546473649
0.0003975269324253
0.0008605161825915
0.0014667995163050
0.0015218447923670
0.0016024698026579
0.0026213677724278
0.0033225158306168
0.0034087716987336
0.0036549166195269
0.0056893324540431
0.0067730980331347
0.0071910995306721
0.0078372512584917
0.0101683860414402
0.0125267608036202
0.0131447258226918
0.0135169896441794
0.0140240616299880
0.0142195495063808
0.0143107708624053
0.0140563954355364
0.0129952959424106
0.0128423700068401
0.0127619194512135
0.0136039949699137
0.0190849700231841
0.0283911330326616
0.0313464991039361
0.0325375149451764
0.0328052602330876
0.0313612167437649
0.0284244092784305
0.0250073667534161
0.0185450270813501
0.0133564433459773
0.0163414686003661
0.0186258330213246
0.0163482907160236
0.0146911551903590
0.0156443030322463
0.0197128371068017
0.0206957995031592
0.0204053556427884
0.0179785642074130
0.0133652856977137
0.0119849991939645
0.0117449071020303
0.0123662139568152
0.0126976531758547
0.0106211932998697
0.0079601053427336
0.0076387190145329
0.0074860049634059
0.0063304534002117
0.0041608800121342
0.0035281751564217
0.0031023916004071
0.0018717311965310
0.0009767522496207
0.0005977913452242
0.0001541719048112
0.0000000000000000
0.0000000000000000
0.0000577651537577
0.0002949747693376
0.0006726333797652
0.0013997287915174
0.0018037951619362
0.0021039373022127
0.0031406456013417
0.0047217216850992
0.0051941272001909
0.0056818382617422
0.0076994984258483
0.0103403527097438
0.0111489363338738
0.0121855670781380
0.0140186913921698
0.0158421002511938
0.0170912550229484
0.0185293584474448
0.0205966451167984
0.0222836280694196
0.0237268560069771
0.0246736479372352
0.0276903510758657
0.0289136812035730
0.0302341300789759
0.0323157902278739
0.0375888854361231
0.0438552315117234
0.0483991297488747
0.0526403781233904
0.0562248611220915
0.0556778104706231
0.0529537867395524
0.0478529187586172
0.0434679373811326
0.0403670639875639
0.0355312649431656
0.0314697933344490
0.0304393691851139
0.0292611967869827
0.0288641002081037
0.0293777003523523
0.0305930734371496
0.0309650010702369
0.0302062579367010
0.0289766753278363
0.0247859803074311
0.0206045715634429
0.0192770622115780
0.0176338034457629
0.0164821082709381
0.0154109147675870
0.0132624913714148
0.0114725260058352
0.0104700672613192
0.0095134313698337
0.0070204739182598
0.0048772938482026
0.0040773081308974
0.0031431705848413
0.0016151174488148
0.0007527958774061
0.0001748869257490
0.0000000000000000
0.0000000000000000
0.0000538000000117
0.0002315768182861
0.0008361222618139
0.0020700962893509
0.0025688010322380
0.0028781013378848
0.0044487768660560
0.0069735327469209
0.0076971574182380
0.0088701312115558
0.0129256383810871
0.0153675207791166
0.0163962079791089
0.0191607403711755
0.0224951859031155
0.0222489060092004
0.0217970996117282
0.0255743180573031
0.0300990232662574
0.0325279207564762
0.0349439663700742
0.0406716811885049
0.0514307804209867
0.0508741073865906
0.0499575963402671
0.0639134328545272
0.0731579625620740
0.0741084311065531
0.0751292575560692
0.0853029892028681
0.0923373520303140
0.0892813510233464
0.0831032442743494
0.0746832970751611
0.0647110414299626
0.0667828074652233
0.0678249493019986
0.0543718636902379
0.0444582078600171
0.0447651105149931
0.0463568665521006
0.0467163619163038
0.0466441962482519
0.0446472451688471
0.0429112934891840
0.0421861549200940
0.0401024021282180
0.0331390246434862
0.0283337670746542
0.0242254266271722
0.0211186917631874
0.0203258061258173
0.0194565516904706
0.0166212826502018
0.0140867098282598
0.0127823409241001
0.0104316340052599
0.0071524332961501
0.0056559739880631
0.0044586341243990
0.0020187080733628
0.0007340086970811
0.0001897452775082
0.0000000000000000
0.0000000000000000
0.0000593739124987
0.0001744163739412
0.0012095815788283
0.0031711590439109
0.0036286457044699
0.0040724160680921
0.0068878045662063
0.0099657678963777
0.0109415586890465
0.0126625421314294
0.0169439668041896
0.0212419055333300
0.0234645469731229
0.0264829096515175
0.0291387445042364
0.0312696057677957
0.0356720256559104
0.0401774036895109
0.0428729379668085
0.0461280296746388
0.0498847847379272
0.0550644409851371
0.0608195695526741
0.0654323891158749
0.0723372283108263
0.0805002509867275
0.0839927736077302
0.0880718974732171
0.0955156819122606
0.1029149740349534
0.1057593888737449
0.1059860467708834
0.1032285193517028
0.0997715241977547
0.0925453020896275
0.0835753107530861
0.0782811159436187
0.0728824630924121
0.0660946567452870
0.0617989704980621
0.0605633561514675
0.0598087150869022
0.0581258365451762
0.0546090715490280
0.0519295482773153
0.0495001690685966
0.0463078951721211
0.0416212563113624
0.0366826843550595
0.0328828228799093
0.0291243439157085
0.0252174206783474
0.0227291449442657
0.0203674767309642
0.0178309603774118
0.0157112369899652
0.0126642881874148
0.0096379770120890
0.0076534778551229
0.0064571268525282
0.0029848668100933
0.0007460710401241
0.0002490409908377
0.0000000000000000
0.0000000000000000
0.0000813167827572
0.0003298840635107
0.0017626252905626
0.0039281374121378
0.0048559800769300
0.0063464699948263
0.0105375909476691
0.0123454031646469
0.0135148585759059
0.0170832520538656
0.0229367868150870
0.0275532733348012
0.0304067590521129
0.0339664154950327
0.0376471419530585
0.0433922836173398
0.0526349888554294
0.0561356449263426
0.0581641404456324
0.0615795043398369
0.0655049226530272
0.0692002225270739
0.0744365717439197
0.0848729925824383
0.0943754061144351
0.0951425067384394
0.0961140925956651
0.1042394049450760
0.1159846245240103
0.1227912151726529
0.1249696333108770
0.1258932812154827
0.1261295192749050
0.1270623218841506
0.1253242314980270
0.1078963556253242
0.0895765143759150
0.0889046996460176
0.0887342518607792
0.0808302596811228
0.0751130609703758
0.0746701266797991
0.0741933796684122
0.0676953608393758
0.0585196019662194
0.0576939406166074
0.0569730392842950
0.0517464732725330
0.0434714495631914
0.0410015265755679
0.0388902387347674
0.0321375896275861
0.0257234066875030
0.0233551462659586
0.0216878681846616
0.0191560338095949
0.0159411097648127
0.0124709285463493
0.0094319218355064
0.0074139865991205
0.0043587515572724
0.0017921891151878
0.0003231073679590
0.0000000000000000
0.0000000000000000
0.0001269172503418
0.0005327618975713
0.0020992657772956
0.0046474843128341
0.0065086788558003
0.0088270610810013
0.0123607093632014
0.0153193751989679
0.0202518651090869
0.0255649275778356
0.0294152598452143
0.0344658245591608
0.0387777468668342
0.0447143735348597
0.0517526046088071
0.0588649871067653
0.0649371812885140
0.0693416162911659
0.0727151390068127
0.0768162686566400
0.0813082746885870
0.0851521027477690
0.0910688725853120
0.0991366543495923
0.1039290616689541
0.1088181417141707
0.1199375236962376
0.1326199749363930
0.1419383300690465
0.1453588307970834
0.1454973788750821
0.1456863046298014
0.1476093637308812
0.1492703441077542
0.1481963402628724
0.1456479130601727
0.1294007164518398
0.1085467522623652
0.1028716389429155
0.0959283412528871
0.0911949382335292
0.0887588529200511
0.0871451060684952
0.0857761573704630
0.0788115636162415
0.0706595712412270
0.0683227831570082
0.0662261428393723
0.0610820017672302
0.0535678813833853
0.0495236352433067
0.0457215287655364
0.0366116987210558
0.0280691964800486
0.0254360407075932
0.0219288765185653
0.0182493048858426
0.0148334003235190
0.0109145065197444
0.0078069853581199
0.0047213410059495
0.0028935577825760
0.0005106242515840
0.0000000000000000
0.0000000000000000
0.0001951387419413
0.0008094239015549
0.0026917385151914
0.0056007394501262
0.0080607403922281
0.0114201029723006
0.0157310054073806
0.0209012548281194
0.0272128363065804
0.0325125826214440
0.0369672812659978
0.0397624338152657
0.0445003348738479
0.0566758456213668
0.0667181473669722
0.0764777740184989
0.0831626472572103
0.0842795265551038
0.0850818162883756
0.0936524552746839
0.1004245262596376
0.1020147102110489
0.1043073232466968
0.1116740929641815
0.1164801186940032
0.1220681588662764
0.1370318021102294
0.1677982827311015
0.1791332486815261
0.1726446957259044
0.1634381137618118
0.1649716182062048
0.1682847720758129
0.1751695665973128
0.1796626118138968
0.1815815588191211
0.1783428361862579
0.1427694826512441
0.1140730831805436
0.1078664949963257
0.1049313463194705
0.1034249556355435
0.1027244264819329
0.1030343859963128
0.1022040525981981
0.0878334885035112
0.0785495187494780
0.0800690173693464
0.0807087020957889
0.0709457655645102
0.0614086783720996
0.0561451832560562
0.0480042352834671
0.0358818920192527
0.0297177801396786
0.0250134315411449
0.0209365586503913
0.0171092634728900
0.0120406841193655
0.0081809913524479
0.0050503433170634
0.0028853822412610
0.0005829728616975
0.0000000000000000
0.0000000000000000
0.0003013680217613
0.0011804375938908
0.0033092568405009
0.0063698905911827
0.0092236432598084
0.0132184823532420
0.0176831819333444
0.0234179546920621
0.0292485962682657
0.0351857381154554
0.0410487837414684
0.0449000067476943
0.0660190210337820
0.0850725750225908
0.0904915812574455
0.0973141744111914
0.1017015866251006
0.1058634114739510
0.1159117509187833
0.1237265534943429
0.1276499478519768
0.1318633305593733
0.1444435134545863
0.1523822265340140
0.1577872493067813
0.1657062504368021
0.1886025594563338
0.2072651181386431
0.2088033878509574
0.2105782512147288
0.2109843406389126
0.2100867919889562
0.2090746647409072
0.2074583165372766
0.2066870995400592
0.2052196554792113
0.1983969358934375
0.1937451660446281
0.1712045579245676
0.1553421347618876
0.1466352382838282
0.1336776419001295
0.1276344531401941
0.1205998572363329
0.1141617955072754
0.1093757774684152
0.1018387850444978
0.0934854149126109
0.0885379220365810
0.0816864574263218
0.0718982146085585
0.0630995990592543
0.0531761083417062
0.0436805246629626
0.0357502672329781
0.0289535701784730
0.0238474706294599
0.0197558886462915
0.0136801418552961
0.0086985872495444
0.0051802310333219
0.0026064829272696
0.0005247202208474
0.0000000000000000
0.0000000000000000
0.0003962358956890
0.0021118028861857
0.0042458497579135
0.0068433292957079
0.0100955599594635
0.0142018431627432
0.0194977803641116
0.0252678192097014
0.0319252324022967
0.0390740959251445
0.0464069024993942
0.0538597665332754
0.0867859930448840
0.1103156494303641
0.1158741823035347
0.1175708896611651
0.1199138586819066
0.1339051614507964
0.1512825194586031
0.1538843313701287
0.1559256310594370
0.1668530295858399
0.1922772199276545
0.1943598668047746
0.1935100255797663
0.2126893770021090
0.2409648389729711
0.2438065782344346
0.2441178775466416
0.2491816800130598
0.2580658030018206
0.2561075889839366
0.2502296519963566
0.2398388559442527
0.2340908390348781
0.2316304398935987
0.2297896464969282
0.2279923958654141
0.2207807984324041
0.2070360366729036
0.1974484720667623
0.1733873851484508
0.1513302606817491
0.1384105743268090
0.1258110279102225
0.1274016433392331
0.1269957247603390
0.1119421489495070
0.0983862373854392
0.0903061692989978
0.0806283296490233
0.0701188423077379
0.0600782748651109
0.0496387038908455
0.0414709518369060
0.0335709852186173
0.0264167460892783
0.0206938718592432
0.0153744039343237
0.0107452318825237
0.0053122593384584
0.0018541168834045
0.0004389973886926
0.0000000000000000
0.0000000000000000
0.0006119031128458
0.0032840980823335
0.0048230819388757
0.0071535642970558
0.0107579062949446
0.0151214968498226
0.0227418064521695
0.0300893257304510
0.0418842055022456
0.0522700438448581
0.0624132378108312
0.0748657051799601
0.1035763629052796
0.1304795361798255
0.1378775440254134
0.1444619302460177
0.1518766982658468
0.1605251739914416
0.1668663894225795
0.1752681375298928
0.1906516812666796
0.2060395268355039
0.2286856680774245
0.2435669486965158
0.2624117022787658
0.2778526927539654
0.2847685734836750
0.2824419628544132
0.2823322551294036
0.2845082935275972
0.2886381354893821
0.2880643342250092
0.2811018075037780
0.2685193438607649
0.2604289296029229
0.2544612145978726
0.2519482150687621
0.2502362078550955
0.2420884209930439
0.2290685172070704
0.2200305660893710
0.2108030042913271
0.1942765831012849
0.1853284733256944
0.1696652667051269
0.1476811989484633
0.1413622993533937
0.1332021883435210
0.1188137442150339
0.1054177442029023
0.0931099684395501
0.0786085141242996
0.0668337262656520
0.0543563694904742
0.0455231030139265
0.0376183973788800
0.0288364751052219
0.0211105546583639
0.0159623529530320
0.0121255889136595
0.0057275816942197
0.0016095253220786
0.0004857421016268
0.0000000000000000
0.0000000000000000
0.0007400507829532
0.0037506033390266
0.0053697895312812
0.0076550391181128
0.0114086744557104
0.0158721015097150
0.0256984056853101
0.0413380429737202
0.0537835613776640
0.0645903486510680
0.0777969901383607
0.0918671133588757
0.1231526497558774
0.1467934633529021
0.1579225995054100
0.1733090795294946
0.1840681998844068
0.1821365973041397
0.1808432427431552
0.1973530568601531
0.2223426072542516
0.2498928149245524
0.2774528927803023
0.2987023886676073
0.3222657069054211
0.3351707716835206
0.3385629252117484
0.3222171826692735
0.3118190050874388
0.3176523754763629
0.3235757126437369
0.3222456828735741
0.3169056067021142
0.2996978896397484
0.2779834657448923
0.2738445694780455
0.2731065875791956
0.2714565018512470
0.2647745672123202
0.2533803257234681
0.2476986681027962
0.2415005187401551
0.2312911590119128
0.2248803375458365
0.2151703089506128
0.1802410914137335
0.1570512160151348
0.1482537378328818
0.1350423762396722
0.1187419568312983
0.1065889578830443
0.0902304304269362
0.0737679053517416
0.0585351392551369
0.0495533427033572
0.0406980138212677
0.0309095526726196
0.0224720478469201
0.0163253833850067
0.0113478749651464
0.0065649262390957
0.0029233790436281
0.0005160011355592
0.0000000000000000
0.0000000000000000
0.0007449953849766
0.0039104321056421
0.0056775124557277
0.0082128739322248
0.0122898264835115
0.0167447791088958
0.0301647369067370
0.0493182639374337
0.0576528397715019
0.0688720444919570
0.0838162551849124
0.0990071976886331
0.1343824630300695
0.1637403322842071
0.1877226430012830
0.2021711186362830
0.2089204316920088
0.2152546735045669
0.2351496300240079
0.2535882573132096
0.2671629472389620
0.2900594756935314
0.3054866594199310
0.3223124209696219
0.3391652913795168
0.3528038123609864
0.3583364109694663
0.3591608938762930
0.3573078948321776
0.3549764902030390
0.3526439866456975
0.3476999449380226
0.3424823071350729
0.3392252585004181
0.3302083667869979
0.3134501957261208
0.3073907113534037
0.3028513596638849
0.2950080846360609
0.2795961091667414
0.2732395308747361
0.2660300436419281
0.2548299284567055
0.2416860592373723
0.2279309372143579
0.2159893150833382
0.1940085773706824
0.1780058949173372
0.1581847997524488
0.1316037545041867
0.1183748690753338
0.1041764539092038
0.0849502901899560
0.0636008284477989
0.0533270083887936
0.0427574149343201
0.0323661147746753
0.0237660802893576
0.0163978899324131
0.0104929080762155
0.0067181255265378
0.0047294902765269
0.0007319302683215
0.0000000000000000
0.0000000000000000
0.0007190645490493
0.0033357783449218
0.0058167994422187
0.0092690094232914
0.0134416827589710
0.0182087375955426
0.0330534337015805
0.0508753136707979
0.0613016239199855
0.0727121369333225
0.0890685371796637
0.1066277468864066
0.1455309945258574
0.1960991632858116
0.2142169477857630
0.2243848381936479
0.2349033162593795
0.2546497419105607
0.2812077818935281
0.2920112784558756
0.3036084606519569
0.3225504362218675
0.3340302884404052
0.3417721411810671
0.3537996238645059
0.3730894521812186
0.3822255804504370
0.3897354945983389
0.3928942126440056
0.3876273453793481
0.3812899434155908
0.3725766127798833
0.3636650541581347
0.3693495880636974
0.3741261641114070
0.3565347207203148
0.3318341682500828
0.3278080433268792
0.3245126410668910
0.3089024860403505
0.2965867382191460
0.2879152221112719
0.2761334427509083
0.2612125312133636
0.2463363547564112
0.2353717181792482
0.2233416793448984
0.2075051125293344
0.1754985520704092
0.1437075511107899
0.1297880785399787
0.1157630668507522
0.0978727237723352
0.0754234307526983
0.0555817930054823
0.0430313324858103
0.0334751280349767
0.0250101118436271
0.0164822744963188
0.0095456001082890
0.0066428689492528
0.0044361060808538
0.0009554503821174
0.0000000000000000
0.0000000000000000
0.0007013663161186
0.0027438177625490
0.0058448405224816
0.0103177602734695
0.0143928494139663
0.0195410255846475
0.0362289774343404
0.0533461098636606
0.0706998635542650
0.0847894249419273
0.1091980273268653
0.1335875535621243
0.1736046982470786
0.2145524848786365
0.2218683970206318
0.2338070457286996
0.2520184560462653
0.2734102081369593
0.2922126949180534
0.3060611259093612
0.3272389846269876
0.3456446548251621
0.3560250915434668
0.3639156516745723
0.3852520975333452
0.4007215540966421
0.4044207519226238
0.4070116830903127
0.4061038498494565
0.4032411110952289
0.3999090369081538
0.3980720038378318
0.3959755696934635
0.3914959393862737
0.3867943056849542
0.3813224604433148
0.3617293267149489
0.3414075427971948
0.3334072995082106
0.3240043772058734
0.3137607341677837
0.3020752953274728
0.2878300281384619
0.2748770969185662
0.2609685334837641
0.2454887886719023
0.2319622453437429
0.2178688204029954
0.1846048704260192
0.1506250313450317
0.1359612305572699
0.1220798715059120
0.1059367668363084
0.0969978784409531
0.0668936665157633
0.0426404660250524
0.0354649156812848
0.0278038366872743
0.0170935668072725
0.0086291739762559
0.0065136236640788
0.0040547382403770
0.0009818540262542
0.0000000000000000
0.0000000000000000
0.0006623175748074
0.0027376078111873
0.0057986194708074
0.0101324053411578
0.0153324926056466
0.0216074267341001
0.0403750040638843
0.0674838398055954
0.0829118147343844
0.0957333414822951
0.1282129091584309
0.1689807744776899
0.1971106994061984
0.2182003776666775
0.2291861183180672
0.2416171152703899
0.2621229276408331
0.2923806943825840
0.3104839073482809
0.3284770264203782
0.3505101105517947
0.3664827664479928
0.3786419895416460
0.3940695070653038
0.4147892844825856
0.4242445771059304
0.4279304033376830
0.4259735070409554
0.4214177574446840
0.4178403036269975
0.4138896538766005
0.4208445373384304
0.4280477575394143
0.4147617780315058
0.4040513326542539
0.4003146524784939
0.3892035478074927
0.3585157446275125
0.3432141222013027
0.3374796076376934
0.3328230277508341
0.3195673540854667
0.2957294547899848
0.2849132386123486
0.2773818056983578
0.2612806838026918
0.2397417262101399
0.2251720603311355
0.1952777046159898
0.1595309063674058
0.1410418573126682
0.1248321453577228
0.1133568352900174
0.1030788087320719
0.0752510049807193
0.0491098609937187
0.0378283430257965
0.0278965998426460
0.0184478044980897
0.0100563917554456
0.0067393626166263
0.0038595355872030
0.0009659259148740
0.0000000000000000
0.0000000000000000
0.0006447417629957
0.0027834603716882
0.0057942688475134
0.0097679530099435
0.0176290554420209
0.0265995384276312
0.0481064294587010
0.0774779747296031
0.0886926456543889
0.1016941872008518
0.1409937569751309
0.1826343862873669
0.2036243649100667
0.2213252063221170
0.2444147470933784
0.2610316638997863
0.2865474798687904
0.3169903972733288
0.3270079975094144
0.3433706006032518
0.3604086310823139
0.3776227049298818
0.3930911872007817
0.4072923757506520
0.4221692311071232
0.4353662010133044
0.4461649170810945
0.4520962216901296
0.4584932013550380
0.4622255374358705
0.4665952229079677
0.4640820081501451
0.4607057535179102
0.4569062184890840
0.4513068097910301
0.4459053700592795
0.4341922932200716
0.4197390824846909
0.3948588976891696
0.3667956685263581
0.3601321634724527
0.3550199050506751
0.3313029487947727
0.3015311634190263
0.2945712141705563
0.2862578876899605
0.2620473565026876
0.2435580969419339
0.2198506849198001
0.1916356976453453
0.1616813668120378
0.1282897912674950
0.1182957832906917
0.1057757074432299
0.0782235103705761
0.0540778648196696
0.0402385816036550
0.0282568006562981
0.0195888468904157
0.0119863728965878
0.0076447891295093
0.0039393203907339
0.0010252438235923
0.0000000000000000
0.0000000000000000
0.0006281839487093
0.0026150486421462
0.0059185974849239
0.0104053254061763
0.0197447136039796
0.0349042324092403
0.0551671055198217
0.0785297996282124
0.0937197925188129
0.1153885606788707
0.1539626854040844
0.1906222321588816
0.2132086524438411
0.2353945234700817
0.2592710610152102
0.2772435924202546
0.3057949933841714
0.3298492096888453
0.3405837761173138
0.3536960222242706
0.3699616852044691
0.3929904503602019
0.4087028643081536
0.4174884999902074
0.4299963145371836
0.4523496711836365
0.4678380603654276
0.4804556589149198
0.4948188696553516
0.5061287340637785
0.5152533784443366
0.5072126880741353
0.4938316580222972
0.4939046368106529
0.4942253088731505
0.4919854825565865
0.4866799361423348
0.4734577819454068
0.4447616413118415
0.4022819968893660
0.3864168835791311
0.3814030712960075
0.3669880134289395
0.3267859817106252
0.3139063613228049
0.3046162646441607
0.2772262137780274
0.2543173693308752
0.2443271165582348
0.2279369108566457
0.1792492384789743
0.1370764125977566
0.1240812525995431
0.1094277823806777
0.0822148983334038
0.0573322109131153
0.0429641126715128
0.0298315593764363
0.0215969080409849
0.0143413349039724
0.0088372198908057
0.0049556385908469
0.0010709641547288
0.0000000000000000
0.0000000000000000
0.0006697613174576
0.0024881742163716
0.0070354576084881
0.0130014571973123
0.0251835140347218
0.0452252362209401
0.0582271605990285
0.0767738257758373
0.1005870772833344
0.1323364795849446
0.1605910096878341
0.1960335182209225
0.2218372314223306
0.2460354415056495
0.2673904022988243
0.2851926280108613
0.3167439450532263
0.3444748581608272
0.3628786361707979
0.3766845253342983
0.3981104926190732
0.4207484654543035
0.4302674443164913
0.4384426185768360
0.4660412708158773
0.4853957597716631
0.4916586661287751
0.5026083482049593
0.5129583859713810
0.5223816725775081
0.5287216420657675
0.5317422664370104
0.5320165686561991
0.5284615926283452
0.5237158928228395
0.5154928347289597
0.5066013988761870
0.4945489021716147
0.4677780301255879
0.4417734027663350
0.4245284198557103
0.4115535095027097
0.3881656989275954
0.3583732996161705
0.3415884512843286
0.3288678495277548
0.2948763695973196
0.2587367282215089
0.2496630606119147
0.2401720115354181
0.1970387395362529
0.1507538572675252
0.1341656296588113
0.1141461281028751
0.0861236395723607
0.0606442734870500
0.0460350614342441
0.0316066855110170
0.0230459891370812
0.0162077605184788
0.0098739828234921
0.0069738807562304
0.0012431810895803
0.0000000000000000
0.0000000000000000
0.0008132239376653
0.0035300032274243
0.0088186995208246
0.0168715676094317
0.0291717479063006
0.0460048068968949
0.0603780881708983
0.0764864941091333
0.1038565415594282
0.1338704565665364
0.1660643084492499
0.2036802766282748
0.2299994119137628
0.2591582881879503
0.2786274607716525
0.2936300412385512
0.3287274198344423
0.3683611416331400
0.3860383207366768
0.4009474148739636
0.4230407517893103
0.4393864974214435
0.4503526375598867
0.4728986268661224
0.4999860049586615
0.5070335862398424
0.5113284183771786
0.5220711098139024
0.5314235644015141
0.5381456020096631
0.5450745618189871
0.5570124889310459
0.5655999342510550
0.5619210661960640
0.5529430293317172
0.5407309389213024
0.5282233005673810
0.5158740840741314
0.4926205367514003
0.4707294148767325
0.4570569645478857
0.4422969728450535
0.4215673395666300
0.3927569237598113
0.3625341916965961
0.3448297106061341
0.3107469588066056
0.2691064642442310
0.2567315925649897
0.2409817951053097
0.2138775277290175
0.1791231094877709
0.1442955851111535
0.1175378311465484
0.0910236000312092
0.0660329942441053
0.0505109980869831
0.0360757123582031
0.0242159284361248
0.0155438460922489
0.0099113196106818
0.0060464207676333
0.0013194743828416
0.0000000000000000
0.0000000000000000
0.0009473610418841
0.0042073485104615
0.0095283777941680
0.0179501930460004
0.0293843885009871
0.0452110598187426
0.0615419574912242
0.0777397318421103
0.1077736680556466
0.1329339426719835
0.1709619185218700
0.2134992189508795
0.2393519648487443
0.2725908836315041
0.2887783297739411
0.3027270788530035
0.3445389621937593
0.3851939911863646
0.3976216067421815
0.4118658631742381
0.4349711766069001
0.4558876424984405
0.4770338777395609
0.4971315901525522
0.5089668913646948
0.5200564930847277
0.5325888678338306
0.5423917153277702
0.5498432463903655
0.5579543431021804
0.5700409255979240
0.5782556076480068
0.5797824202929027
0.5784906636646960
0.5714809774169485
0.5595206078149393
0.5454296531184734
0.5325518029430827
0.5118336489590504
0.4887168668617780
0.4747004602362480
0.4577547340705749
0.4366010620404510
0.4183120414525233
0.3867235035552124
0.3590163317675973
0.3221648308051188
0.2813529777564434
0.2658218669117898
0.2430209863748531
0.2185487971664063
0.1937155490729198
0.1537152350754772
0.1202755074156215
0.0951719636190917
0.0706542669279371
0.0540762519789989
0.0409730493458089
0.0253813972650349
0.0142756286331265
0.0094329252702801
0.0052621387810044
0.0012587521987807
0.0000000000000000
0.0000000000000000
0.0010389399275906
0.0044602458368485
0.0099980665444923
0.0181535786975705
0.0290498621299574
0.0419642885966495
0.0631451584498878
0.0894082385931659
0.1160878140851274
0.1388893185044755
0.1718264052555033
0.2060539477032172
0.2444893845220343
0.2823616728329367
0.2993412929086764
0.3176316028413813
0.3603890754155090
0.3975137575372776
0.4094097877566567
0.4197580749028586
0.4441758970098614
0.4821335576768413
0.5012543726837903
0.5118286742159994
0.5225001811564211
0.5365865449959819
0.5530522598226486
0.5585449357936169
0.5628970030578068
0.5777399441673964
0.5937499368287067
0.5972895303704869
0.5962238056165109
0.5960920277640536
0.5931739681381661
0.5809423697377459
0.5568434652918400
0.5426294312623668
0.5308481859000809
0.5106863494686313
0.4923846507288490
0.4747219761603944
0.4511908607631566
0.4320767602183022
0.4039056238559340
0.3754540543597820
0.3378647359221501
0.2963989097743691
0.2787918937218880
0.2555705414887557
0.2240811620211592
0.1993564648135379
0.1597474721560885
0.1229906994767759
0.1020978281665289
0.0785353603438238
0.0564758548050277
0.0405942572221346
0.0256978409540581
0.0146742394982423
0.0090269999253763
0.0046832407546878
0.0011061938309648
0.0000000000000000
0.0000000000000000
0.0010355292745035
0.0044552505263524
0.0101109157479172
0.0183031370243299
0.0299666993655876
0.0398760991625603
0.0703014968908753
0.1052340961897290
0.1221362410131001
0.1435894950284929
0.1737125539234910
0.1968585054403107
0.2493656382200974
0.2973330458303312
0.3164175556011526
0.3404504028222400
0.3745726954930063
0.4085635540538878
0.4223621254485377
0.4319065744444431
0.4722380496587985
0.5057135941902345
0.5141545822733514
0.5263268902424535
0.5485151896639542
0.5654408282697899
0.5801845785061295
0.5918375100041436
0.6194917512112400
0.6333627292854640
0.6352391239435626
0.6318949698661576
0.6260249893021964
0.6169233599149149
0.6112757027910599
0.6069911538314868
0.5851596537755978
0.5523943975864112
0.5412500307304574
0.5249809609298498
0.5070547129248164
0.4908000842581398
0.4650095774948477
0.4421320114042736
0.4150434105918837
0.3883251502582464
0.3524252100809304
0.3145867260917603
0.2959842079941805
0.2845212102410045
0.2511900429043911
0.2214704964083139
0.1843790613822329
0.1320809333260635
0.1147194716951271
0.0962087167169407
0.0621090302303332
0.0370522372837302
0.0257209808079515
0.0158810238667269
0.0084592801377219
0.0036339128759441
0.0009085402404468
0.0000000000000000
0.0000000000000000
0.0009596832336906
0.0041412075802827
0.0100669973377198
0.0190462419488038
0.0312496684719880
0.0508380807757527
0.0797323889413817
0.1086342673669407
0.1281334050867511
0.1513422712443684
0.1787951365287607
0.2031607975380249
0.2507599106119686
0.2934385957343549
0.3270821358208104
0.3633264914744120
0.3905543628815035
0.4148399259304131
0.4336625734328463
0.4612188230130483
0.4933345891866087
0.5093864511037086
0.5234314631864463
0.5499335665188797
0.5755397672083397
0.5887550102134945
0.6063530616431716
0.6285711220995088
0.6619946571467444
0.6759337739013438
0.6764447946806947
0.6667329337311114
0.6498841314618131
0.6360640419151345
0.6290623774996817
0.6238906128607298
0.6088595655662347
0.5742581071403935
0.5534043431271967
0.5362996455824445
0.5197072099736831
0.5029023996241488
0.4745427292280048
0.4463758397876489
0.4245240584613820
0.4017349982516388
0.3686762557309874
0.3336938160866036
0.3094132512537945
0.2883537560129978
0.2649807483883891
0.2392728142904208
0.2137887675612183
0.1764940448439630
0.1237160046006611
0.0957459024184569
0.0652842986423914
0.0400727358789499
0.0262318118213769
0.0145590674990691
0.0082912582320230
0.0034813645890532
0.0008765173023464
0.0000000000000000
0.0000000000000000
0.0007379759203903
0.0026828555553059
0.0091108155679340
0.0221106037158545
0.0365096546762893
0.0664558216279333
0.0822764202235017
0.1080946659296624
0.1295567189991553
0.1557078187326508
0.1842939806642113
0.2101216257788023
0.2554855121072725
0.2887693469514351
0.3376622643092870
0.3800691055161181
0.3968825125951748
0.4180728091183759
0.4475012798785721
0.4813847820660674
0.5003934940059734
0.5127967244499606
0.5501580721051563
0.5804588711348223
0.5899147986186117
0.6045149519183881
0.6321126167758978
0.6556755157658881
0.6773146020678147
0.6909980057149155
0.6920053972509134
0.6895886720916611
0.6772638029610637
0.6583914536401972
0.6483536730621626
0.6369998800163789
0.6192446031558133
0.5991575307662094
0.5747156589291794
0.5527088386530925
0.5355778626191918
0.5176405356572377
0.4851546804903593
0.4486125151162867
0.4287624183307844
0.4084077070635286
0.3782973172751071
0.3514676526134784
0.3219694760433500
0.2881622394952611
0.2674092957151858
0.2419059770086031
0.2169674148842764
0.2015703571166389
0.1411148347316254
0.0914802238870090
0.0681635533206937
0.0432788896005035
0.0277085318836633
0.0145392919640182
0.0087957264362984
0.0036988174099799
0.0009556212242064
0.0000000000000000
0.0000000000000000
0.0007968760309249
0.0033232918189084
0.0084456640534880
0.0163146709553843
0.0376867921046149
0.0684001012589476
0.0828510595191399
0.1020425525181733
0.1298713213017640
0.1574917587965474
0.1894704804461767
0.2325637296849471
0.2689163856791931
0.2931210907446534
0.3434955392571775
0.3856501234403278
0.4011838593520490
0.4180859804959010
0.4542309956364008
0.4948413096850599
0.5128591818021201
0.5345179124081194
0.5676603130183366
0.5871352938993712
0.6028260293797733
0.6235179387575172
0.6534901864457497
0.6761588199943447
0.6948761330703099
0.7058044893196767
0.7080549813549052
0.7076675619230738
0.6991924245599114
0.6788620176849569
0.6624766166375072
0.6489715338458233
0.6344323106389627
0.6153880487851316
0.5899390634495005
0.5649677466789071
0.5497070807908051
0.5326845905135043
0.4943948572878671
0.4549407874653537
0.4327588124281029
0.4090497781102180
0.3864606962002627
0.3630830718710121
0.3309422976613379
0.2956409253317598
0.2714584494213403
0.2457390560015102
0.2213335133353684
0.1963402338166307
0.1481915107899045
0.1053067500951320
0.0726417210155842
0.0462966524023876
0.0303162072037576
0.0173726994435362
0.0099806060642221
0.0047253046039099
0.0010639257497537
0.0000000000000000
0.0000000000000000
0.0008580337940741
0.0035611505426855
0.0085471775921472
0.0149834222971788
0.0368816703328155
0.0673870436735859
0.0811818603103682
0.0940879034052133
0.1317900071756830
0.1636370909335885
0.2110033575930661
0.2619749858863871
0.2781131644005924
0.2989265746034201
0.3488541862023840
0.3876613323262417
0.4028525627456694
0.4154950883217214
0.4633430433741174
0.5104210240698277
0.5255383475688933
0.5509722000884694
0.5734990075068659
0.5910113068224185
0.6212606772548693
0.6470786617724192
0.6682162610787009
0.6896803974832239
0.7061675836619615
0.7167260631605376
0.7200892031795002
0.7216103584695143
0.7180570437783989
0.7082034350961373
0.6908036389731257
0.6661642225264844
0.6496061164482456
0.6305851422795051
0.6039473910026710
0.5736057200938048
0.5581994199286059
0.5427768375848508
0.5034555099037301
0.4632261330152544
0.4383010969831347
0.4094346718553472
0.3901893405058598
0.3685014535613299
0.3356600811923228
0.3017993836938120
0.2760238578982289
0.2503365026618145
0.2245848494416493
0.1927537268218552
0.1499994860182208
0.1095829690609496
0.0745325382612435
0.0474983835018411
0.0315932918446229
0.0194674056873068
0.0109966171851659
0.0059580871964334
0.0011942281427345
0.0000000000000000
0.0000000000000000
0.0008850990367002
0.0039631212894945
0.0088663671985350
0.0157316191813656
0.0364396185890987
0.0653077111357079
0.0792062901417637
0.0935535250438442
0.1352317950538336
0.1874576172324962
0.2246380860721602
0.2618403407292182
0.2867543481067724
0.3180817850405381
0.3552193823484864
0.3844415000736545
0.4036010966985052
0.4219942348391734
0.4614670364274628
0.5025394527400463
0.5316591745586988
0.5609571986669463
0.5831645633420351
0.6070704208102952
0.6345061727314545
0.6552927521301071
0.6798408780366038
0.7013055955867963
0.7158357153259270
0.7242207786567222
0.7284131947831411
0.7322745007001835
0.7324899558672531
0.7249264607280068
0.7099122325694778
0.6857806154179105
0.6613112537557688
0.6375277994198008
0.6144196160759695
0.5861893870169735
0.5644206732207884
0.5445329299788156
0.5100435661551975
0.4719564423701081
0.4442874158664685
0.4145179082689537
0.3941599901998821
0.3736970793240949
0.3395283886382144
0.3029982163452411
0.2800471966267559
0.2556985051214229
0.2308105156899325
0.2036443828556112
0.1522212970796996
0.1090039809905964
0.0756201645605496
0.0478512138031309
0.0324503017396293
0.0209867162947544
0.0113800410954333
0.0052292717320343
0.0010947059476973
0.0000000000000000
0.0000000000000000
0.0008979659857689
0.0053883462333429
0.0100318236834068
0.0182046820977701
0.0363695858113883
0.0612349915003657
0.0760631140090023
0.0934797112751942
0.1394820338988720
0.2001007111389882
0.2268549692105032
0.2562093331790313
0.2950325872593352
0.3340329294111657
0.3564761666914650
0.3820044303464979
0.4039236693034381
0.4255070419803151
0.4600852473291577
0.4905988000093034
0.5349401602587086
0.5730993502347548
0.5940144687406690
0.6188810552337383
0.6389921125042037
0.6586431179877084
0.6877288613292698
0.7087294534848926
0.7208887223071377
0.7293128594149813
0.7378158098639744
0.7401034945560122
0.7373951956061402
0.7304058047707963
0.7169409517036305
0.7003664380553617
0.6725764622713946
0.6400719797742037
0.6185790359033597
0.5987813869300780
0.5724137674410414
0.5441787280836019
0.5145525014984286
0.4791702396745977
0.4504025272510855
0.4202827647979949
0.3976748379711383
0.3782179294891923
0.3428434424895622
0.3034691862923413
0.2835468366293040
0.2607957692353543
0.2370969618731902
0.2228356727000687
0.1684908038532408
0.1097889800822771
0.0792272521540488
0.0466208887418404
0.0317183590874090
0.0231991093197082
0.0106324873932170
0.0031649302988362
0.0009296472125908
0.0000000000000000
0.0000000000000000
0.0009640629941223
0.0046313236279041
0.0109759403715122
0.0207563200106676
0.0366594871757616
0.0564158540748944
0.0727402935563705
0.0899123946056472
0.1371621148305127
0.1948259165996973
0.2268026452350199
0.2620565230352268
0.2965150675928652
0.3324901532669305
0.3565797992692183
0.3797407419422963
0.4042114887721415
0.4264532934907182
0.4591882965987900
0.4877710805568779
0.5367745064523816
0.5821004795252001
0.5984398798278937
0.6172759128704512
0.6431607609064351
0.6688991256784199
0.6949598054322336
0.7126968574658645
0.7232749794947512
0.7309918171663423
0.7358833896418345
0.7396539812241212
0.7404431202046948
0.7307907963811010
0.7195323561420031
0.7071310429118868
0.6776553903353436
0.6400687753743263
0.6197597491545909
0.5969882064948930
0.5744011329814604
0.5509235726384217
0.5188554683491937
0.4858076875198837
0.4553895526268479
0.4252464798922155
0.3993679095012125
0.3716556688894405
0.3420875390598766
0.3090868683936872
0.2867084518915784
0.2638451833852613
0.2402662784360074
0.2164190757440249
0.1848765303572628
0.1510522437857355
0.0816066439867219
0.0405821476677016
0.0291441382241167
0.0199954912124151
0.0102048700795472
0.0038385340965745
0.0009262519358450
0.0000000000000000
0.0000000000000000
0.0008606771574268
0.0040573953446936
0.0111976069666255
0.0222593851038366
0.0374735152621344
0.0545736338203397
0.0711426656556581
0.0873051398894302
0.1319201391872509
0.1822728678124185
0.2212665533177220
0.2646846899723708
0.2930088234341106
0.3262962124799322
0.3536430077190054
0.3774578557728824
0.4056758273166620
0.4282766489334728
0.4603473801280358
0.4842844289889554
0.5367510419551584
0.5848232260547371
0.5964635105795614
0.6092724813561409
0.6589432081496147
0.6898025335268203
0.6988355058741310
0.7125412077252201
0.7212079739186706
0.7279657957511197
0.7310473862120130
0.7337795401323303
0.7382137318079203
0.7246926835989559
0.7133041684104408
0.7047729385987271
0.6750151898400544
0.6340017709497572
0.6170599365938106
0.5919848545605005
0.5724716464903622
0.5530257356186076
0.5205099084358322
0.4918678269591356
0.4590399977287800
0.4318650355908565
0.3984058247183468
0.3605636347531837
0.3412457978585567
0.3135976924134811
0.2892074668773116
0.2655226346720198
0.2406661547540571
0.2109637954537206
0.1857097531599923
0.1687248447192357
0.0868834614836863
0.0347471621619867
0.0272758067283427
0.0181825572841119
0.0102503682072999
0.0045185223273934
0.0010896176338736
0.0000000000000000
0.0000000000000000
0.0006422425829915
0.0027041788926427
0.0112357562601802
0.0262487601279648
0.0391918802567264
0.0544645896208478
0.0703863308474340
0.0881258283533200
0.1250907372411478
0.1669383869269943
0.2129033715749078
0.2586726608165449
0.2840063716098597
0.3131657536887937
0.3521670254978487
0.3822807549372185
0.4082919435329755
0.4325050640398038
0.4610962997792464
0.4897778116345930
0.5203301951036126
0.5598799352558007
0.5943961316359938
0.6162328927569529
0.6560204821685174
0.6846246224956939
0.6963065265975389
0.7068947170147329
0.7139969847604731
0.7199900154749307
0.7226785916363432
0.7226257469637635
0.7187286396192689
0.7158049950289351
0.7057233155487094
0.6725263047265203
0.6483229049054468
0.6293279812719474
0.6116675578632415
0.5919894589403299
0.5688720019730439
0.5418213105791096
0.5153394885660285
0.4907462774832018
0.4556055037814639
0.4201142130700888
0.3929581439178024
0.3650538080189545
0.3406027504562448
0.3132727393533402
0.2887359567892934
0.2649478465494705
0.2417242566392683
0.2179858411672013
0.1855761080329386
0.1538489063025210
0.0799936057395991
0.0377998132570099
0.0267595520517234
0.0166380746519415
0.0105007499948609
0.0057191107077035
0.0012497030804104
0.0000000000000000
0.0000000000000000
0.0006548216649349
0.0015916252036376
0.0113981764724000
0.0319232283494397
0.0395981857077774
0.0543771865268219
0.0697023936810869
0.0884392248746668
0.1222766316198465
0.1575283739158881
0.2043049320454909
0.2499410456823258
0.2732486898793688
0.2922239754888042
0.3497860081438174
0.3928093976098164
0.4095477252492171
0.4335302168240910
0.4589884278587173
0.4899172124533525
0.5158329369856095
0.5352811038064421
0.5865064578305679
0.6271974736921346
0.6507376997951659
0.6742943963240852
0.6863816483234206
0.6964417784055472
0.7031689470292584
0.7087650106824390
0.7109840011820500
0.7111371905806241
0.7084002991379124
0.7047996702690276
0.6881480347752674
0.6554083945391123
0.6428826430447450
0.6258282051559939
0.6074793839910542
0.5908375884199476
0.5637110454220384
0.5327702700754978
0.5114714925580652
0.4881017656611593
0.4511708088648221
0.4145176869335122
0.3912882644572683
0.3677598080145141
0.3404639342165342
0.3114005977346370
0.2857321684742101
0.2618644303850202
0.2401577482587034
0.2271243836384073
0.1678347713027041
0.1078179057701217
0.0754132398730104
0.0431570772478332
0.0285205656522332
0.0159442520712300
0.0108053795717457
0.0068072803846624
0.0013980969070511
0.0000000000000000
0.0000000000000000
0.0007105404847372
0.0041922183812182
0.0125609470227059
0.0245367465372647
0.0386514392480405
0.0547472849955434
0.0682732358832159
0.0835482721446285
0.1204176229262000
0.1618416040115259
0.1957662667511775
0.2337739913990152
0.2640979262641358
0.2858785736681309
0.3451954034288581
0.3914331747031601
0.4049440544228056
0.4237671241967792
0.4528907849057535
0.4825528441722642
0.5111708895699597
0.5325515689057394
0.5760310081859763
0.6165664179122794
0.6439710124538633
0.6632166500822912
0.6697455954068811
0.6796305980352672
0.6887427273947392
0.6948379133691349
0.6973885587399068
0.6971554898896485
0.6934059260538240
0.6852026242272127
0.6673746861546197
0.6503290378881951
0.6369328436702587
0.6162168231656792
0.6000313659009721
0.5860468184952932
0.5588033486714389
0.5291368088805375
0.5071147860194509
0.4826339190448914
0.4460111615464611
0.4084237231954360
0.3887059106109128
0.3704821686208428
0.3398019913428920
0.3075785376683061
0.2808787825815693
0.2534114248975199
0.2332298075015877
0.2184385811193882
0.1521295380394421
0.0906867159710114
0.0700938507948173
0.0484612983568448
0.0312033454536972
0.0179643945391224
0.0109517504001035
0.0062745376689162
0.0013349864096791
0.0000000000000000
0.0000000000000000
0.0012414727265314
0.0078153880847054
0.0124499490493023
0.0199937861397459
0.0355569646328073
0.0543737371441689
0.0671212794739177
0.0784490037176454
0.1163947232660818
0.1641633657229615
0.1883654633914309
0.2194581897117492
0.2564513909004055
0.2828274071356594
0.3399897343976966
0.3850710529567390
0.3965828580712598
0.4100360388290377
0.4378062643087421
0.4584383086132325
0.4962300781430914
0.5275171222966311
0.5555915341014853
0.5874276970311967
0.6197924023570219
0.6505813047372679
0.6568965954478445
0.6654509127026527
0.6742397606882650
0.6802173253066418
0.6824579196544907
0.6818211895612643
0.6770957354725180
0.6687990159917364
0.6556743191928911
0.6428159909527700
0.6237352584330814
0.6011369707556566
0.5904993641355173
0.5785287043085334
0.5513748423056335
0.5237959261729189
0.5001565444349697
0.4737441937195759
0.4389844150889631
0.4011687914790167
0.3835008450264661
0.3704564440681762
0.3320073577614408
0.2933453961865671
0.2661873816079628
0.2350645749919081
0.2165047729578885
0.2010092881698352
0.1438260336506938
0.0879102076025113
0.0715370463048894
0.0517565529455600
0.0327102815293542
0.0208380195255268
0.0104680048899964
0.0047388583838343
0.0011119353773173
0.0000000000000000
0.0000000000000000
0.0012925869526824
0.0064203098064738
0.0121896134071901
0.0198650993030460
0.0330868129046925
0.0504144604681223
0.0661827722902360
0.0852571548835691
0.1086536131888996
0.1388226917830961
0.1826396169397770
0.2153638961351544
0.2542472137575125
0.2904641025434345
0.3300470943151359
0.3683537542446251
0.3851011381927584
0.4006439602798301
0.4217666853134027
0.4427037872503123
0.4755897555799967
0.5060487218517700
0.5224017693050568
0.5427393889387342
0.5850946037328673
0.6275404789187162
0.6407897687793053
0.6500160540347781
0.6585302109496943
0.6647005675506481
0.6671485068407106
0.6651767642594093
0.6594264145139758
0.6513246750433477
0.6393646263211362
0.6252695201283733
0.6065135316367276
0.5903418004275424
0.5793225391880472
0.5664358933576503
0.5401264021606964
0.5170885056799758
0.4930370756235565
0.4674228226717618
0.4327264070857653
0.3952686064025829
0.3770782148745661
0.3543197516573556
0.3141685843402569
0.2794049855479757
0.2506816594693126
0.2201770322981236
0.1988958277296394
0.1719431318912759
0.1377647918970953
0.1068014836233433
0.0737337510352303
0.0526464783701620
0.0331805356427527
0.0177379669750539
0.0094257823493768
0.0038947590145112
0.0009355835698415
0.0000000000000000
0.0000000000000000
0.0011817401987461
0.0044256515910663
0.0110530643771781
0.0202120877087013
0.0307810181247082
0.0440711612420338
0.0641040583375752
0.0908184293811411
0.1058689004896724
0.1202333481265644
0.1708539791779130
0.2121253074081197
0.2540255599224711
0.2968927807761624
0.3212262368151118
0.3506995173934473
0.3695378453331338
0.3915025842713348
0.4140280881702080
0.4370969354911403
0.4684851919687663
0.4991324734464671
0.5144701585082162
0.5309282169668662
0.5697716851895492
0.6051636029428954
0.6204854471166654
0.6304694658677451
0.6385122348470926
0.6465427367712387
0.6507079641049667
0.6504567710654117
0.6459016359192876
0.6387137932146476
0.6275810383340816
0.6132574893190790
0.5949004980820444
0.5782423835053139
0.5623695073895463
0.5479951877892620
0.5220946601320975
0.5010213111487840
0.4731650398888104
0.4502688914074375
0.4160224459951128
0.3777987199917637
0.3560067325829879
0.3272421324250210
0.3022612133724822
0.2701439005653702
0.2403969475898978
0.2092766157432887
0.1856063828627895
0.1586180091276155
0.1345827703826899
0.1186292294784609
0.0781469278218723
0.0531149512204620
0.0329855606295931
0.0149234090900046
0.0093228270166280
0.0036720261935593
0.0009150850821523
0.0000000000000000
0.0000000000000000
0.0010335037929195
0.0043246848504458
0.0103269169547999
0.0189011955640361
0.0285315550261159
0.0393605571625359
0.0605429406417840
0.0860533349368490
0.1029142865424772
0.1184375501043239
0.1660455753004978
0.2178036605761135
0.2466883473024633
0.2796160223405890
0.3077209369720496
0.3336017941584204
0.3516218284760672
0.3727250758788394
0.4082423238409966
0.4354123023419784
0.4594287846820834
0.4868354992636842
0.5041542338071714
0.5197123805173396
0.5524660674395636
0.5860295895697391
0.6054800922399671
0.6103953061895300
0.6123368929325688
0.6243007747983633
0.6404926680414024
0.6363521059148829
0.6301134610292016
0.6267265032645558
0.6185718371597884
0.5993453374790160
0.5799758283365994
0.5591505917156008
0.5427385589110307
0.5282313384635122
0.5001024101991587
0.4673686687921212
0.4442807829884607
0.4305449291637851
0.3970839220699026
0.3603137061958172
0.3381497400649549
0.3126391177050673
0.2899756231739169
0.2614328872747523
0.2311749285561765
0.1984817867483758
0.1755833582508224
0.1534534570348945
0.1303830460861433
0.1050950225423169
0.0743902723619311
0.0535327135419015
0.0349995100849638
0.0192197523737692
0.0098070348385328
0.0038502208529170
0.0009221793873576
0.0000000000000000
0.0000000000000000
0.0009312344127559
0.0042522028789872
0.0101303402150805
0.0186654041452762
0.0281911303099269
0.0373443885176183
0.0577077416983098
0.0782806659641429
0.0990960306012389
0.1191561829933390
0.1614967727853976
0.2168100086822376
0.2409080590040253
0.2707546482520087
0.2985929318533688
0.3221158906616884
0.3384721551396607
0.3497987933339682
0.3888844121030041
0.4302373814146919
0.4482353854276674
0.4701253025066634
0.4863726334163632
0.5011958201843973
0.5289944991309157
0.5510360990059947
0.5703171866807667
0.5833084995589465
0.5870555962332473
0.5906148412955994
0.6008057138064680
0.5980728685572754
0.5961611372321255
0.5947701089152199
0.5859227853244308
0.5661746020479913
0.5548879878796490
0.5393120463944997
0.5267732433221489
0.5116374956615892
0.4795811787616337
0.4487637906866418
0.4318337041257233
0.4188347456735776
0.3797116832807481
0.3449629470320750
0.3241699395624410
0.3010755463973462
0.2802283751720303
0.2534569345415507
0.2212707617398630
0.1868063538300650
0.1644188854836482
0.1459085672268707
0.1185220211528519
0.0901416701229978
0.0725381784858360
0.0532833488638027
0.0358124073828443
0.0231376655244511
0.0110134028722559
0.0042065723906409
0.0009585672196004
0.0000000000000000
0.0000000000000000
0.0007295611453580
0.0032727675104555
0.0099697606598437
0.0204683727887384
0.0288619771861190
0.0383851214668085
0.0561546478295240
0.0762391073133108
0.0968111085533125
0.1179112694641378
0.1501864826490446
0.1936735900394702
0.2351846089316108
0.2671864817152904
0.2904159789987060
0.3116111204851923
0.3270839727122681
0.3383779926553481
0.3623652503530647
0.4030903567351290
0.4391301469208229
0.4582686020922106
0.4667905159083622
0.4786739104882681
0.5083786859161036
0.5230854859138073
0.5313710231087136
0.5509801475045174
0.5605651501041548
0.5591580069252234
0.5521063558620657
0.5559771439464504
0.5581529985302321
0.5591957785082374
0.5568252217959258
0.5348262825825074
0.5270280740247163
0.5243657774402548
0.5174424403720378
0.4880581274951907
0.4545523561484542
0.4335362622447820
0.4167903291767250
0.3927511461944715
0.3543064757347916
0.3302002378923514
0.3099381483307133
0.2918967288155804
0.2723970035539182
0.2492096193879944
0.2153430761703332
0.1734479494895501
0.1529041109134038
0.1305553443447520
0.1085240692851780
0.0894070099395292
0.0701504637279553
0.0529645176187170
0.0360843435737896
0.0237710572821336
0.0113898050879405
0.0042644152389542
0.0009492945850681
0.0000000000000000
0.0000000000000000
0.0005003832000948
0.0015626372814495
0.0090824239610343
0.0239036541999008
0.0294567818451831
0.0394344128680958
0.0556098079427326
0.0757684252042200
0.0966318920759596
0.1178007913863254
0.1448486431329288
0.1659579593375192
0.2167063605961277
0.2608183386923463
0.2787119418818396
0.2953728977698646
0.3097896676600754
0.3247366095576811
0.3450185340718706
0.3624083579972690
0.4059984556746845
0.4421271464565644
0.4485890675931409
0.4561032321859156
0.4789220864454584
0.5009324966378639
0.5109851414314537
0.5242491444156588
0.5329805370668321
0.5362090647019347
0.5365814569075139
0.5364597028564441
0.5359592130026986
0.5354077290093578
0.5283626890788203
0.5149974354435070
0.5077794774219596
0.5034905215912153
0.4765520786090142
0.4432752377878130
0.4307857461600039
0.4126506554480516
0.3897042709602026
0.3638679034949611
0.3405278008443757
0.3183576182961025
0.2952977486668240
0.2788904482847186
0.2573750146298460
0.2394067553750777
0.2001916122302723
0.1547407840251815
0.1409376721556163
0.1195785058810375
0.1037439852251271
0.0892300900896791
0.0670375140859989
0.0509680822272242
0.0336087726385800
0.0222948003802814
0.0102644998717778
0.0038769196783548
0.0008285364746798
0.0000000000000000
0.0000000000000000
0.0003950643233189
0.0015257129235278
0.0080374846054270
0.0218278822943066
0.0285593273326418
0.0378479919066411
0.0547673425259858
0.0750030775328761
0.0967376500144033
0.1227081418562189
0.1397931072943039
0.1550969284041542
0.2028061728585004
0.2486173786666530
0.2660475656619931
0.2807549728504975
0.2924571011754700
0.3056155400298857
0.3236190503101208
0.3383119029720104
0.3706878599649170
0.4164829520255801
0.4317462511194453
0.4355378995137656
0.4423460724964147
0.4677657110449099
0.4846001572042328
0.4997153107869204
0.5121996616887553
0.5145929965397429
0.5137662672647113
0.5154353167803586
0.5150720841490529
0.5066414011407313
0.4933422473216824
0.4962178413615065
0.4968484456661764
0.4613702764607988
0.4261984026817817
0.4179865734150250
0.4088403397759243
0.3859727690999699
0.3648492453885307
0.3449901280548703
0.3226666757846757
0.2975003750553275
0.2759463504399844
0.2580009897528949
0.2367025774235343
0.2173180726295874
0.1824807326814116
0.1497350353306092
0.1328964514128064
0.1147877693920391
0.0987463207718191
0.0824914918754160
0.0618302715114593
0.0462244023587294
0.0298814973837225
0.0169716179999879
0.0086484603916914
0.0033073808306472
0.0008114534282629
0.0000000000000000
0.0000000000000000
0.0004168020961685
0.0018400311290333
0.0067367727481476
0.0159299372010189
0.0233311842187472
0.0313324946806880
0.0491464056734384
0.0699951417185686
0.0958518237141583
0.1287737691200726
0.1370916755009769
0.1489957570700062
0.1937951825914912
0.2391116255552975
0.2559794005558372
0.2706182193514889
0.2812276286019986
0.2924998266674654
0.3092747660786506
0.3230509132815264
0.3482565632273061
0.3717436530078912
0.3904157915732114
0.4070576361890187
0.4197693832312191
0.4373152116573678
0.4537137746582904
0.4677500982003727
0.4815683165783881
0.4901881554675478
0.4924854719425568
0.4929996581988485
0.4911378131157568
0.4861348212127877
0.4811142491189837
0.4773949348232360
0.4573965421068714
0.4214215101668106
0.4143951741262943
0.4043278489707879
0.3884670981124592
0.3682662827409161
0.3531672055230399
0.3339996850872823
0.3091491125238268
0.2842820832164740
0.2655393561780600
0.2475133522059444
0.2267271832022478
0.2079164763452064
0.1760772599661068
0.1471038565268717
0.1268915752160857
0.1093315462480973
0.0890938001490141
0.0709272455007617
0.0543811873558652
0.0406149887974007
0.0263032969351356
0.0144770093527328
0.0084052411503331
0.0033146575863933
0.0008720967972311
0.0000000000000000
0.0000000000000000
0.0004705843199486
0.0021921670983546
0.0050116945770242
0.0099740645298198
0.0193853656444884
0.0286063639585866
0.0430106503582131
0.0615640404044502
0.0918265696146803
0.1262692728825307
0.1331034290291037
0.1413084591781155
0.1868671919533785
0.2298769839620295
0.2464894606099587
0.2600871559838082
0.2679989676706320
0.2786106420196224
0.2997089234283445
0.3106200992559038
0.3180950150889845
0.3325287871562695
0.3515158050414994
0.3723079281942451
0.3878827121279834
0.4050879033302801
0.4252420927293188
0.4388477505641221
0.4537668446508163
0.4658032276272910
0.4706630013448703
0.4706603591570456
0.4684853574024388
0.4675542091192084
0.4638936074331329
0.4536408292083178
0.4203188229457252
0.4005755475324956
0.3947154735546361
0.3870255897235874
0.3713319786289579
0.3593315159743209
0.3460296242514416
0.3212966920956375
0.2956573200394059
0.2733941045306252
0.2554711242728187
0.2330696471043409
0.2138621293631461
0.1966314062276575
0.1672564221592029
0.1407115090762366
0.1199514063288367
0.1015430234759465
0.0806462857337163
0.0595075537669227
0.0464558659237408
0.0344434519286219
0.0233657419432451
0.0143464810241499
0.0085243123092674
0.0042301143100739
0.0009514300462236
0.0000000000000000
0.0000000000000000
0.0004625287556733
0.0022645714543012
0.0044387394398551
0.0070472944428379
0.0151770855884168
0.0260148925918872
0.0385267007627896
0.0540745313463089
0.0847201180589839
0.1213767087433000
0.1279835818417227
0.1337026555315415
0.1697805516453809
0.2055513240336401
0.2222367660140006
0.2427287800592109
0.2505441193977418
0.2574654668051257
0.2784943846406955
0.2996638040640024
0.3067001335823516
0.3184514817452642
0.3355443503756920
0.3554955037636757
0.3711310490925472
0.3840857713823065
0.3991639374300063
0.4097983764101675
0.4228399203686925
0.4345107052033503
0.4416992696293239
0.4484045869243413
0.4499109028389087
0.4477399865002518
0.4367252693341155
0.4227314233351576
0.4011385044753080
0.3833491245081273
0.3758394290286416
0.3674814085092620
0.3499771245472542
0.3394315693244654
0.3108241544218667
0.2778599201071009
0.2652715928580535
0.2492497233202293
0.2336124142436370
0.2134030449510059
0.2016499672232014
0.1862394843865457
0.1576935088220689
0.1317560839687253
0.1094904599525038
0.0922468317384580
0.0731021624399653
0.0536131519593428
0.0437656940383144
0.0324067170986260
0.0225751882272584
0.0143618965911566
0.0084809709085073
0.0049374017711858
0.0010000245697570
0.0000000000000000
0.0000000000000000
0.0003947324015386
0.0017215494687403
0.0038873723670562
0.0067541161586951
0.0123089113814278
0.0196258762693057
0.0341102578524247
0.0501321075572377
0.0742288081910819
0.1101657337546268
0.1237588519794640
0.1335102491380937
0.1456951064296017
0.1644278200834705
0.1975312506051868
0.2224189959473139
0.2337535956797927
0.2408451985994449
0.2537269490247537
0.2790066741201763
0.2916393317763384
0.3028099415498707
0.3157501854559387
0.3351014955379111
0.3595629671795016
0.3688267953357824
0.3755298509441292
0.3820087961220839
0.3885246366531975
0.4010693937084729
0.4115489998066020
0.4250017248356139
0.4368887544862715
0.4302753167177790
0.4128568145509592
0.3900406061232007
0.3671715962433914
0.3647938322762966
0.3630682406588652
0.3438023108415151
0.3206536054714173
0.3080699553711839
0.2749829694059243
0.2437823187903412
0.2340682894889194
0.2270989286710190
0.2163916854612985
0.1999510836632962
0.1898706536971808
0.1779864097755505
0.1501768257377517
0.1140858816758739
0.0966722425584681
0.0817749880394754
0.0668523428523976
0.0538904003407990
0.0423199573377066
0.0317883917136891
0.0219197763122423
0.0138840765459701
0.0081237426341810
0.0039357506390090
0.0008257403733651
0.0000000000000000
0.0000000000000000
0.0003843579052435
0.0015164392687669
0.0037219639806686
0.0068237701192268
0.0117221298183550
0.0173893314498526
0.0315230431470330
0.0474071296456800
0.0673674345315706
0.0871373977896668
0.1094639864149844
0.1309480405605817
0.1394938075874626
0.1513884352951504
0.1797257477367809
0.2010441440517463
0.2129531377102404
0.2253811789805212
0.2404494830970259
0.2595171116902531
0.2731108842770730
0.2855471603834502
0.2957778376495044
0.3033807130005585
0.3236762591939638
0.3364002163865827
0.3444221560606490
0.3592714862319528
0.3699610030174246
0.3810927293415514
0.3880249798686563
0.3908117798766615
0.3879313758080631
0.3726383695548531
0.3556327626182928
0.3349673558678240
0.3233833936617180
0.3168367985885894
0.3093194337077552
0.2949218029842991
0.2879705399560881
0.2788467341695196
0.2535915011113600
0.2241726400367889
0.2156258998728066
0.2095112697776819
0.1985291854693715
0.1843334589001390
0.1730862636826724
0.1628321741466466
0.1332110743218820
0.1003779381807548
0.0901767514047251
0.0762610745960958
0.0629980992547328
0.0536840850917454
0.0404523222622415
0.0308897468855176
0.0200767325043894
0.0120945212667581
0.0065416293402154
0.0023992410841786
0.0006820918312963
0.0000000000000000
0.0000000000000000
0.0003685986933110
0.0017799719776445
0.0037245627325260
0.0064828160145761
0.0113000712723465
0.0174925560903459
0.0296818952990504
0.0448772759602560
0.0575183740695281
0.0727517362057945
0.0925816314974285
0.1165630165828359
0.1293399367412123
0.1399975659747849
0.1629516483303450
0.1810569554654599
0.1908055084419491
0.2038095247903917
0.2193120842192584
0.2379774436060657
0.2569846928018051
0.2676985983129264
0.2738166223563513
0.2779552676095642
0.2858705760255721
0.2954645247365215
0.3019997494971516
0.3236298177366100
0.3531498718265245
0.3619733323768602
0.3641094056495303
0.3573015846770803
0.3309871568632792
0.3089904782838218
0.2928331874635993
0.2771075546887705
0.2679338809667606
0.2593332700482234
0.2497912513819926
0.2511290443114586
0.2520098280204792
0.2487622384392760
0.2319543658272046
0.2003417967423414
0.1925199578614024
0.1890009692683789
0.1822239316971232
0.1696506557093597
0.1584543722874741
0.1322924688975989
0.1110362339566619
0.0981917190373652
0.0855879726138157
0.0688016095662789
0.0571265912249456
0.0474178298833068
0.0366707359748051
0.0296297843036656
0.0183527918210616
0.0094796969450889
0.0056523745501168
0.0027967331953785
0.0005981429768486
0.0000000000000000
0.0000000000000000
0.0003069457123410
0.0023864383360260
0.0036212765716191
0.0060018064647256
0.0107448179452379
0.0175736029741630
0.0279371643939490
0.0425613376484302
0.0528372994951888
0.0669468919510715
0.0861060245933328
0.1061692681240021
0.1192898510040916
0.1290094288523434
0.1477786934036394
0.1661340247226910
0.1761793121474592
0.1888321601250365
0.2033775554435412
0.2153968716958299
0.2312087007871900
0.2412369374455360
0.2456649365053231
0.2500982326817871
0.2590753942087148
0.2680535147740135
0.2728216036592351
0.2771275028928821
0.2913626783064951
0.2984263588496008
0.2994988711512463
0.2952891373742224
0.2844309642612511
0.2685911621433683
0.2581964422831629
0.2463106880906915
0.2389298008406250
0.2326471437314354
0.2277348282381832
0.2255498950987783
0.2201279598582798
0.2160935975394345
0.1889157043372105
0.1645726280377749
0.1597400335335389
0.1564454531641892
0.1491302755636552
0.1409178871653262
0.1311860471342874
0.1118521463561944
0.1037351541089326
0.0958548260285730
0.0767586804902391
0.0575861552039552
0.0498701744819830
0.0409583259419531
0.0326836294068526
0.0272910228217252
0.0161519584657315
0.0080790111724463
0.0054345653652882
0.0034211520260636
0.0005757589206605
0.0000000000000000
0.0000000000000000
0.0002971722080235
0.0015950231287705
0.0033261321916526
0.0059030244267544
0.0098990727555019
0.0155049060304978
0.0254176894555613
0.0378796486819447
0.0461313350562114
0.0571826627157470
0.0812393919207270
0.1002080321428192
0.1113635838417900
0.1193731104224351
0.1283387575932493
0.1453097322565663
0.1605018752450393
0.1732462448635424
0.1888191744745407
0.1990576886253232
0.2112518895072167
0.2153852209418633
0.2165771328353504
0.2204082262567486
0.2279701397913232
0.2378568707505949
0.2411903053025785
0.2370637263408284
0.2280767953254976
0.2327906939490056
0.2395204539670872
0.2378212451998502
0.2328538223596578
0.2277803736154195
0.2227416982067870
0.2147407605863410
0.2089420464312230
0.2027505039085665
0.1972555303387582
0.1996879384499482
0.2028095107207139
0.1649143815537841
0.1360649617067584
0.1301485780880003
0.1277277145431038
0.1213806038898960
0.1128878308640630
0.1127222554222382
0.1109230597909279
0.0993133972302964
0.0934449220882024
0.0865125690183265
0.0678948348874695
0.0513515902180548
0.0439571113079080
0.0342540041995291
0.0272838305640146
0.0211027897791386
0.0138225727786242
0.0090561775194106
0.0052138123933937
0.0026892476842384
0.0005176073557986
0.0000000000000000
0.0000000000000000
0.0002792965162921
0.0011215834935666
0.0027777339009260
0.0055596682941507
0.0091367989411563
0.0139869776958479
0.0230165079836091
0.0333826153930186
0.0397335418024295
0.0440570573649338
0.0641625928977353
0.0830770261186734
0.0922086757578929
0.1060233146260319
0.1143099342370200
0.1227116916111695
0.1320053216643187
0.1390244822331688
0.1504231457541528
0.1606764208497376
0.1741838344520763
0.1885980580499088
0.1924671476307537
0.1972781732927367
0.2050035805315129
0.2122115983858855
0.2136636224531684
0.2114173771236761
0.2074149463026188
0.2053916997605711
0.2047902781359230
0.2030586396553782
0.2005143254511455
0.1979613114925439
0.1947185432177705
0.1889823506551732
0.1833682535222308
0.1770695362801377
0.1702303552519397
0.1668775593926438
0.1533405742388063
0.1303471503589323
0.1252019317732717
0.1173986880654134
0.1122894022536258
0.1075443324438747
0.1027677482877604
0.0997910687423382
0.0924536895758183
0.0814778699602064
0.0751801329447552
0.0691756889051601
0.0554648538094598
0.0423003775142103
0.0352379578826500
0.0271771141909350
0.0227773686360699
0.0175114439854597
0.0126689880242626
0.0094263469222588
0.0046326771675475
0.0018500093505499
0.0004603362964279
0.0000000000000000
0.0000000000000000
0.0002334082750607
0.0009896020764537
0.0021222550326701
0.0040821723713247
0.0084320955664352
0.0133607091055301
0.0208548519074417
0.0296189030137362
0.0339914253923405
0.0378073153918880
0.0478608101459424
0.0618016335953958
0.0707201401239697
0.0848732142337057
0.1021312028933694
0.1053694501667089
0.1057117652451351
0.1088645782119119
0.1152510777806530
0.1234486772101990
0.1355276141091606
0.1591049467988209
0.1696807504309475
0.1742368642735016
0.1794303424530147
0.1890108161777892
0.1934584538379796
0.1868556961691108
0.1802718529288068
0.1765166873473523
0.1719475168234483
0.1682566947034460
0.1653611188325858
0.1678556969124916
0.1707129676807684
0.1651250313719406
0.1596301524185693
0.1510657162045637
0.1418846430979157
0.1293849755723983
0.1113357319110501
0.1107424451009152
0.1108507963665276
0.1034795106342564
0.0980735464244535
0.0934315772359678
0.0888558562205608
0.0859369886584439
0.0772963440406649
0.0632326654499056
0.0577848736813010
0.0523154653531744
0.0419535433861944
0.0338026776196920
0.0282601003122210
0.0231518757313176
0.0194151506549470
0.0148852778615424
0.0109307315726596
0.0075231860312277
0.0038230503954839
0.0016815383381867
0.0003993041130587
0.0000000000000000
0.0000000000000000
0.0001895117515821
0.0008723646964005
0.0016902011416334
0.0025421100679278
0.0064179821842223
0.0119177152230558
0.0174978600122588
0.0253929681421929
0.0289741990666859
0.0335146544657868
0.0426500826192545
0.0539596365274945
0.0615449374053799
0.0672669291839798
0.0787046509341891
0.0838197323221778
0.0850590398121784
0.0871266252424383
0.0925238561005669
0.1013410702859952
0.1136767011173923
0.1271039538636071
0.1361389993815036
0.1438870652440243
0.1516141522409761
0.1579805517073246
0.1608565838300786
0.1586241927839335
0.1568373605979815
0.1553709392626758
0.1520487172228900
0.1471651695004350
0.1427327690352386
0.1413466097029485
0.1392262409709908
0.1334449187580762
0.1283992414693574
0.1228807857429336
0.1173685055435547
0.1096898582729652
0.1024602674931434
0.0971859558696498
0.0910335237860471
0.0850429182320052
0.0818711175021093
0.0785870904861174
0.0746359668551273
0.0713500880817773
0.0614427703938859
0.0514916115152818
0.0480986873099988
0.0436197959778494
0.0353661550313905
0.0283427563259850
0.0231501010917471
0.0190027464668004
0.0150016861022006
0.0112346540889963
0.0082907111951337
0.0055078336187161
0.0033299350980105
0.0016147076783224
0.0003913317962879
0.0000000000000000
0.0000000000000000
0.0001402369585684
0.0006178355238860
0.0013522142688177
0.0022014995730717
0.0048145835924478
0.0088969042558528
0.0138706188515660
0.0205597809110507
0.0242248573813783
0.0280987179744392
0.0358298138579214
0.0456413197164876
0.0532508133776437
0.0572080750815591
0.0633447447837327
0.0644912512603432
0.0648614020813982
0.0661689104472629
0.0686262469196973
0.0758115486417465
0.0934394437169885
0.1013474297118127
0.1061887584287995
0.1149898114006443
0.1256546543616291
0.1324647899327525
0.1370759599476130
0.1333173884653285
0.1316988758196298
0.1348886663198031
0.1393411289506920
0.1235179209089308
0.1155832886030728
0.1156779699800547
0.1174908008310295
0.1043383449408487
0.0991700891492389
0.0984178039838932
0.0970590078456756
0.0934124359309800
0.0886293653948722
0.0818237635161661
0.0733419043414888
0.0684454186685402
0.0662297057519261
0.0651649397045424
0.0628999481508283
0.0542146065955314
0.0442716216780662
0.0420403763047136
0.0403234046864757
0.0355683782393810
0.0283632716209624
0.0218885077036520
0.0179007216322183
0.0149382853847752
0.0115725971459302
0.0083350916119354
0.0061392427787850
0.0042930590104690
0.0027796156663207
0.0016775776954548
0.0003798230539203
0.0000000000000000
0.0000000000000000
0.0001030361351289
0.0004085911166540
0.0010821390452448
0.0020098959866619
0.0039046130740349
0.0069364167535794
0.0111727182101779
0.0164640409899390
0.0195044477040073
0.0222189913838519
0.0271331541387209
0.0309171745179758
0.0344412619461952
0.0369250066431922
0.0420709821392075
0.0498915612221571
0.0521387811268747
0.0558027150287773
0.0582947215182574
0.0598751995254297
0.0642635652179697
0.0686344540668693
0.0720658205773078
0.0769889409924489
0.0847328189531909
0.0908346952602583
0.0978869931359368
0.1065058805088260
0.1063808468050971
0.1060927738312485
0.0983865320388002
0.0941816586499834
0.0933587208513950
0.0926161642930290
0.0867383457569472
0.0806338961439411
0.0794493060666189
0.0779543044421518
0.0747004392158961
0.0705922745093920
0.0643484487862512
0.0592379338136745
0.0555953633310693
0.0533643482690183
0.0516195037092038
0.0495479500921203
0.0444691251011310
0.0399974185810744
0.0374087807689250
0.0345296663390634
0.0310298211302203
0.0270844604888387
0.0224028565493386
0.0175150177585013
0.0147403774431356
0.0122517811587024
0.0091083000892616
0.0064973476813077
0.0048515207845556
0.0034373927869230
0.0022231996130450
0.0016151670913453
0.0002930493108915
0.0000000000000000
0.0000000000000000
0.0000713895898142
0.0002818385385903
0.0009298779843987
0.0018464507942128
0.0027460647186477
0.0043454885791848
0.0092219236031265
0.0134332331060536
0.0154705881082909
0.0174518401236954
0.0206729698024996
0.0206851618623478
0.0201830289647509
0.0202274066475128
0.0217386385485881
0.0320664159891596
0.0420210458058932
0.0468164712622387
0.0497969802701774
0.0465440070072482
0.0399953989556084
0.0409273115419721
0.0423372452590289
0.0459184363039176
0.0552430275687353
0.0569722720663755
0.0600814595191949
0.0817351716231392
0.0905627235450947
0.0747902128486067
0.0576831144795920
0.0677243380409631
0.0748814512856457
0.0708030685441570
0.0589515210119488
0.0603118461539872
0.0610974993622023
0.0604827123358138
0.0576909052793643
0.0496543339508319
0.0429790442004784
0.0394169279495254
0.0374651599189124
0.0397692904784897
0.0418323086919207
0.0341638822554120
0.0283452371622965
0.0290137695967352
0.0306617969324756
0.0272827971203087
0.0233977302225516
0.0206376817498574
0.0173917235872065
0.0139121845944153
0.0118166366867721
0.0093796393504147
0.0068346421263066
0.0050485016431223
0.0037889114581654
0.0025290963346165
0.0016120623192308
0.0008616589149861
0.0001741429386429
0.0000000000000000
0.0000000000000000
0.0000530692801498
0.0001703600901359
0.0006816645419186
0.0016308541958488
0.0021196094857335
0.0025872425333360
0.0049543505769518
0.0078338378176712
0.0089104992002704
0.0099220308435847
0.0114552641151237
0.0130029301412623
0.0137196439316378
0.0150073943061889
0.0170609831738585
0.0196253322722819
0.0248873580147631
0.0272967568012458
0.0275215289790616
0.0269981668201556
0.0275162694292767
0.0294079022655292
0.0302283357073580
0.0309407830601468
0.0312160378797766
0.0328661750118626
0.0358048673900634
0.0387856264350784
0.0430939886782040
0.0448048165022997
0.0457146999983975
0.0464820418744842
0.0470923564852338
0.0455627203233987
0.0439334514383489
0.0435472262753069
0.0433507027082835
0.0422441334135307
0.0383999217752269
0.0341316902117490
0.0318668248477465
0.0297776826239202
0.0286395858949808
0.0279401835643931
0.0260983298103060
0.0230031048448917
0.0216570417698932
0.0203899052312720
0.0175848868724496
0.0152923455534695
0.0135079875016760
0.0116511227040159
0.0094361137418365
0.0077036810207812
0.0067165863303158
0.0056152638577527
0.0045728097991822
0.0034693016282695
0.0025513634713396
0.0017312081011183
0.0011544972523120
0.0005550539637126
0.0001452740725075
0.0000000000000000
0.0000000000000000
0.0000460217320390
0.0001690128264375
0.0004072532724955
0.0010049772395566
0.0016838872010226
0.0018508863117265
0.0020604305965075
0.0033560025642830
0.0045959582059408
0.0048043480729378
0.0051043514897312
0.0069493977661385
0.0083098377088769
0.0097057184743883
0.0108565342488429
0.0124070573913825
0.0163899133788986
0.0138058914285766
0.0122861528441510
0.0132486431462943
0.0148584401316257
0.0187792615423825
0.0226813209521355
0.0179165564146334
0.0135732686745043
0.0142075396849031
0.0159452143626344
0.0147558774890285
0.0148080539103660
0.0226945659583052
0.0331594132535154
0.0313769562946846
0.0276288908789037
0.0270677329561557
0.0272665437490058
0.0294714591526475
0.0308171072216374
0.0275448062893491
0.0235453430808193
0.0224412725497949
0.0217795913517566
0.0210662770457471
0.0202839009739199
0.0183522346685334
0.0155518440855570
0.0157472970194033
0.0154615521186863
0.0120494742847195
0.0081324981816249
0.0073279088264060
0.0066730872218718
0.0049107348651364
0.0037337841288097
0.0033259532910666
0.0031357000104696
0.0031523762120242
0.0030333648835370
0.0020684710398410
0.0015327385319126
0.0012981850388259
0.0009449090007899
0.0003995141938083
0.0001028120717366
0.0000000000000000
0.0000000000000000
0.0000414688560331
0.0001626303140878
0.0002658383997318
0.0003729644048751
0.0006950329396339
0.0010871308111486
0.0013374840448097
0.0016643986149852
0.0019819032965481
0.0021990671720883
0.0026055935495733
0.0034763676812731
0.0043380299740168
0.0051963798560941
0.0056121943659929
0.0058836785369280
0.0069802220022936
0.0086659909803914
0.0089172010018427
0.0091905658465503
0.0093135381500318
0.0094250081434429
0.0098092208460725
0.0099451634107263
0.0096416490967213
0.0092356490433853
0.0088220056606699
0.0093328274425101
0.0105908209296938
0.0119695096822792
0.0159827647532089
0.0171064908260060
0.0159868205414391
0.0144106508678663
0.0130558275780778
0.0132526928588885
0.0142351577458408
0.0153783892945848
0.0157282970599336
0.0156514965808420
0.0151584908199788
0.0144231629630568
0.0136016243816884
0.0128270104805699
0.0118396985210859
0.0106556680138976
0.0089111168196304
0.0069200062971252
0.0057611175648614
0.0048452270562987
0.0038225189900285
0.0029046714931757
0.0024136874426838
0.0020591266470525
0.0018619547191008
0.0017443754755881
0.0014366517343411
0.0010606854999966
0.0008961145802681
0.0007857670337330
0.0004042069276631
0.0001144586250837
0.0000422580617887
0.0000000000000000
0.0000000000000000
0.0000288670208993
0.0000930624019245
0.0001289893286775
0.0001331129807358
0.0001470064702467
0.0003520561165053
0.0007711173122738
0.0007187397556964
0.0006218673658073
0.0005866543520903
0.0006358144624573
0.0010837283156687
0.0020828502289054
0.0023155892854622
0.0022774417483795
0.0019388275572731
0.0016099260797412
0.0041306425625229
0.0068784314082408
0.0059658403390619
0.0048346426857065
0.0036112151657852
0.0026085736961180
0.0047248851893132
0.0070173735699980
0.0048266944622560
0.0034656433353741
0.0044695119368965
0.0059309691215182
0.0066830648974862
0.0085300416417522
0.0091565610732543
0.0083820247124839
0.0048454439223670
0.0031313580188835
0.0033553308579694
0.0043812497594905
0.0069141658244000
0.0103355357722506
0.0105886369288899
0.0101517349143124
0.0090722822962648
0.0081432903997990
0.0086172175660241
0.0091593771985760
0.0066459282514426
0.0046255197383638
0.0037900069334981
0.0032912756968145
0.0027841377066552
0.0020940624462579
0.0015269752267113
0.0012609800942661
0.0010290931120144
0.0008704981276948
0.0007756528116676
0.0005838088599005
0.0004727845396535
0.0004106704623335
0.0002591823240378
0.0000706430908068
0.0000259639788714
0.0000092365010667
0.0000000000000000
0.0000000000000000
0.0000118271515908
0.0000274303008953
0.0000331365519454
0.0000378573487624
0.0000504598536025
0.0000646000458251
0.0001245430288647
0.0001512835792407
0.0001476202501901
0.0001473933646986
0.0001763776533262
0.0002155757058047
0.0003575624584364
0.0004859642827951
0.0004894545836389
0.0004693036363845
0.0005788161223027
0.0006412619029926
0.0011019755231269
0.0012274483447920
0.0011111336950323
0.0008668019237429
0.0008618806945003
0.0008578774048009
0.0010601570569256
0.0009890132851141
0.0010188288460937
0.0010631913645281
0.0013085425555061
0.0014388014425148
0.0015714494927763
0.0017874816574875
0.0015734267413082
0.0010324746428038
0.0009086526758923
0.0008722284257128
0.0011252253735731
0.0013776358718025
0.0019966459909404
0.0023564273562191
0.0023288069123231
0.0021580712291824
0.0020764952688917
0.0019973953286984
0.0017327181197065
0.0013419538334591
0.0011697811801448
0.0009023508242439
0.0007416347559835
0.0006184666286319
0.0004464969083912
0.0003368744744531
0.0002894166031748
0.0002419252472739
0.0002111251061065
0.0001853143195565
0.0001418112110072
0.0001121337732495
0.0000914359006685
0.0000569510654927
0.0000274454340999
0.0000090417865323
0.0000028509326048
0.0000000000000000
0.0000000000000000
0.0000000000000000
0.0000000000000000
0.0000000000000000
0.0000000000000000
0.0000000000000000
0.0000000000000000
0.0000000000000000
0.0000000000000000
0.0000000000000000
0.0000000000000000
0.0000000000000000
0.0000000000000000
0.0000000000000000
0.0000000000000000
0.0000000000000000
0.0000000000000000
0.0000000000000000
0.0000000000000000
0.0000000000000000
0.0000000000000000
0.0000000000000000
0.0000000000000000
0.0000000000000000
0.0000000000000000
0.0000000000000000
0.0000000000000000
0.0000000000000000
0.0000000000000000
0.0000000000000000
0.0000000000000000
0.0000000000000000
0.0000000000000000
0.0000000000000000
0.0000000000000000
0.0000000000000000
0.0000000000000000
0.0000000000000000
0.0000000000000000
0.0000000000000000
0.0000000000000000
0.0000000000000000
0.0000000000000000
0.0000000000000000
0.0000000000000000
0.0000000000000000
0.0000000000000000
0.0000000000000000
0.0000000000000000
0.0000000000000000
0.0000000000000000
0.0000000000000000
0.0000000000000000
0.0000000000000000
0.0000000000000000
0.0000000000000000
0.0000000000000000
0.0000000000000000
0.0000000000000000
0.0000000000000000
0.0000000000000000
0.0000000000000000
0.0000000000000000
0.0000000000000000
0.0000000000000000
