0.0000000000000000
0.0000000000000000
0.0000000000000000
0.0000000000000000
0.0000000000000000
0.0000000000000000
0.0000000000000000
0.0000000000000000
0.0000000000000000
0.0000000000000000
0.0000000000000000
0.0000000000000000
0.0000000000000000
0.0000000000000000
0.0000000000000000
0.0000000000000000
0.0000000000000000
0.0000000000000000
0.0000000000000000
0.0000000000000000
0.0000000000000000
0.0000000000000000
0.0000000000000000
0.0000000000000000
0.0000000000000000
0.0000000000000000
0.0000000000000000
0.0000000000000000
0.0000000000000000
0.0000000000000000
0.0000000000000000
0.0000000000000000
0.0000000000000000
0.0000000000000000
0.0000000000000000
0.0000000000000000
0.0000000000000000
0.0000000000000000
0.0000000000000000
0.0000000000000000
0.0000000000000000
0.0000000000000000
0.0000000000000000
0.0000000000000000
0.0000000000000000
0.0000000000000000
0.0000000000000000
0.0000000000000000
0.0000000000000000
0.0000000000000000
0.0000000000000000
0.0000000000000000
0.0000000000000000
0.0000000000000000
0.0000000000000000
0.0000000000000000
0.0000000000000000
0.0000000000000000
0.0000000000000000
0.0000000000000000
0.0000000000000000
0.0000000000000000
0.0000000000000000
0.0000000000000000
0.0000000000000000
0.0000000000000000
0.0000041334539931
0.0000138474549121
0.0000224484639247
0.0000317652919666
0.0000582723554444
0.0001090849873111
0.0001936147382295
0.0002771666671409
0.0003659406448329
0.0004501403128077
0.0005394301723003
0.0006456013691959
0.0007442916243124
0.0007303262849432
0.0006749665555262
0.0006228484369763
0.0006561384948922
0.0007434962794877
0.0009805968976449
0.0011035249853129
0.0010463416825221
0.0009072198799207
0.0008495653532431
0.0009693681190012
0.0011911906067420
0.0013415125391386
0.0014563070348395
0.0015914486230457
0.0024975496977279
0.0032683743248438
0.0037462525751374
0.0038855424204470
0.0031951447170736
0.0017804280866855
0.0015597573315984
0.0013050976500627
0.0011856130075715
0.0011059755620741
0.0010944226671920
0.0011327948690234
0.0011011593675225
0.0009118784316352
0.0007014092104785
0.0006163985099274
0.0006396845045400
0.0006525530429184
0.0007483584949097
0.0008483350669449
0.0011700361373787
0.0010321434995646
0.0009580685710231
0.0008652915100666
0.0007333051602873
0.0004138742714387
0.0003226588962128
0.0002334739595210
0.0001715926114058
0.0001400566368050
0.0001228659859217
0.0001137466528717
0.0000869268978502
0.0000323646662793
0.0000106640657538
0.0000000000000000
0.0000000000000000
0.0000153694645938
0.0000580446840657
0.0001023311610516
0.0001203715087282
0.0001611796367332
0.0005087844057993
0.0008735226245326
0.0011957355067280
0.0015543290612613
0.0017798899203773
0.0020513794550636
0.0028197586327635
0.0035115862416883
0.0031724304466020
0.0027220734003565
0.0024466229194447
0.0023327529625939
0.0031605178772632
0.0046245889368007
0.0047793942783626
0.0045435896242488
0.0037305157268161
0.0025330260120072
0.0041252825259412
0.0053785017602057
0.0054135771065095
0.0055736410409438
0.0068015665222528
0.0123432282917914
0.0145958589625291
0.0155633006246958
0.0185228465455734
0.0183578677260218
0.0087022942607529
0.0056617708729261
0.0050930279108829
0.0049636026495794
0.0044282519801379
0.0041020699653672
0.0047818763295090
0.0051127725117524
0.0039780316094279
0.0021760554343638
0.0024332299622073
0.0030235022944426
0.0025633594505879
0.0024105950395224
0.0043708823453417
0.0071440888543967
0.0050502066125348
0.0032110500213871
0.0036622391923748
0.0042325570176532
0.0020834490309722
0.0011092902113183
0.0008817618157674
0.0007133301538339
0.0005728142239759
0.0004588335659136
0.0005094615777570
0.0004787774857483
0.0001998882901497
0.0000306387070975
0.0000000000000000
0.0000000000000000
0.0000369770458804
0.0001550562728837
0.0003269377651468
0.0004613107689939
0.0010046479605543
0.0016229903524610
0.0019395271087477
0.0025054661575172
0.0031028470683997
0.0035990531158154
0.0043568402144782
0.0055315613943536
0.0063316436657797
0.0067844731316560
0.0072071726977042
0.0077600773432206
0.0089988282796056
0.0102846429809329
0.0112506056704456
0.0119171622210065
0.0119275639068296
0.0118015885333882
0.0114579758842196
0.0119169285657616
0.0121337757470891
0.0127295010904115
0.0142796436028536
0.0168515609058046
0.0242011023159440
0.0292417034399124
0.0321637150586186
0.0327375269914143
0.0299369837398034
0.0247959526563347
0.0195248349352879
0.0153138161376837
0.0137678420924645
0.0133089322133406
0.0136124065280623
0.0133384710947906
0.0129808872718176
0.0127938795948151
0.0130066473863305
0.0134362763159862
0.0131654382158768
0.0121612785719251
0.0112119976769889
0.0115429913584981
0.0116336531583469
0.0115770267376142
0.0102796811817538
0.0089592938282564
0.0078465749712788
0.0067472856410792
0.0053171334722096
0.0043359167820663
0.0033803337527147
0.0026948667521747
0.0020540092850171
0.0012522445246493
0.0009274843641371
0.0006095310673395
0.0001217779505361
0.0000000000000000
0.0000000000000000
0.0000602179616189
0.0002932992725485
0.0006626974383873
0.0015298105163918
0.0026999480765286
0.0028255456105821
0.0029347426187593
0.0045646553721368
0.0056690551654380
0.0058432998475343
0.0063068451411474
0.0094286522357972
0.0110756850473284
0.0117805397038590
0.0128848066207239
0.0164413326552134
0.0200210702033478
0.0210812467612121
0.0218560091935850
0.0228283017631005
0.0233140388935809
0.0237357318213708
0.0244529606623644
0.0225641682335587
0.0221775073911746
0.0220645496681508
0.0235534006412256
0.0324753755144236
0.0475784319779436
0.0528137219891361
0.0551919032142307
0.0550539155388281
0.0521942331995122
0.0470081224516296
0.0412758087782409
0.0309661283761914
0.0226313521253005
0.0270296932937586
0.0303882271902294
0.0267111625920278
0.0240863099934755
0.0256398263326101
0.0321904212103080
0.0335365531271112
0.0329577986822260
0.0292892371653972
0.0223585120803676
0.0201667272430034
0.0197188601564200
0.0205005507040545
0.0207995076020322
0.0175221039474757
0.0133202210879324
0.0126615898222273
0.0123363796731204
0.0105735631647086
0.0072076038633588
0.0060973411296056
0.0052932627893602
0.0031003680519254
0.0015406111922904
0.0009004196515895
0.0002088086217563
0.0000000000000000
0.0000000000000000
0.0000851556553705
0.0004924883938063
0.0011822420850440
0.0025416028562666
0.0033131699250457
0.0039019810568354
0.0057286699420693
0.0078784454063173
0.0085015386560762
0.0092363232446464
0.0123875453533932
0.0161598865323006
0.0173327456053341
0.0189370245982824
0.0218622886122982
0.0247207195046023
0.0266879803004694
0.0290446341067315
0.0324475167968793
0.0352893690552217
0.0377672270346618
0.0395787660399040
0.0458176223223695
0.0474806980583418
0.0491120335300653
0.0522169401748676
0.0602837656459247
0.0698019089056838
0.0767274158474931
0.0834617159788450
0.0891265131612673
0.0877764540335159
0.0833175607859546
0.0754428059399866
0.0686338837950649
0.0640252684495093
0.0568663431862911
0.0499729806781353
0.0482320952954920
0.0464257875044901
0.0457851092828582
0.0466081650085224
0.0485071977245914
0.0487739481504844
0.0473988830698192
0.0455283163380310
0.0393561485058093
0.0327959613361273
0.0306738324990586
0.0280252514975196
0.0261299933724782
0.0244231737988476
0.0210521403305147
0.0182482159961418
0.0167568771331793
0.0154503480229089
0.0119262057762281
0.0083545833304476
0.0069501328719474
0.0053224253129110
0.0026681034115238
0.0011947058584666
0.0002567501894322
0.0000000000000000
0.0000000000000000
0.0000904052941834
0.0004044635569682
0.0015054780201406
0.0037470017173480
0.0046584824708392
0.0052616085792735
0.0080606419576805
0.0112037117243530
0.0120692299587934
0.0136797880650169
0.0193833218641874
0.0228766591865066
0.0243822594762660
0.0283042951137064
0.0331273422910829
0.0333173955916441
0.0333136240653763
0.0390682423713965
0.0459525020973340
0.0500092569317099
0.0540642081279853
0.0629084485146335
0.0793282157137549
0.0791379384812784
0.0779483224429417
0.0972104498607655
0.1099582727992202
0.1116151667582394
0.1134931528646172
0.1272329237555843
0.1365011829261786
0.1323700798297139
0.1239131268729337
0.1123389836250545
0.0985412118559877
0.1009260625085888
0.1019058109991447
0.0828283782369034
0.0686810061481398
0.0689867077395089
0.0711554999851094
0.0716240061710693
0.0713480792788814
0.0680051169135975
0.0650936901109846
0.0635712721527393
0.0599475415939769
0.0498677389989135
0.0429309782232868
0.0369326268295909
0.0323486391178007
0.0308239944770701
0.0292511391140438
0.0252726861114121
0.0218189253554494
0.0201738583863995
0.0170545664060299
0.0120075808177192
0.0095767015948664
0.0075748908647611
0.0034150012633183
0.0012145749416366
0.0003041234188758
0.0000000000000000
0.0000000000000000
0.0001070612242396
0.0003202118097155
0.0022444454959392
0.0056245805168751
0.0063827251179138
0.0071775980972563
0.0120602390111180
0.0153012367025256
0.0163698508908399
0.0185819148370868
0.0242845037691326
0.0300792353492906
0.0331770714746061
0.0374902079830061
0.0413682771236319
0.0446009308685582
0.0516246916124876
0.0587351141211591
0.0630959903592979
0.0684838978775225
0.0746205446140137
0.0828027613179132
0.0916472824999097
0.0985930145231307
0.1084448620240762
0.1192996718454277
0.1239615355686812
0.1296311679634144
0.1397785567475803
0.1493929128474876
0.1529825100823133
0.1531838102328913
0.1493854046284112
0.1447637730370044
0.1351961682637882
0.1228815209066652
0.1154850910447215
0.1080768472647224
0.0986027825217854
0.0924750753271968
0.0906346304534074
0.0894626544497470
0.0867966879105181
0.0813234407232332
0.0769545013603499
0.0728490736844792
0.0676103284521389
0.0606402644838305
0.0534252586836803
0.0478070348638956
0.0422379782190892
0.0366873391495830
0.0332445580744674
0.0300476019104544
0.0266930374082266
0.0240775157635651
0.0201414422015408
0.0157734596849772
0.0127496814989028
0.0108987049038993
0.0052264187781530
0.0013002384716079
0.0004270730483006
0.0000000000000000
0.0000000000000000
0.0001578401459516
0.0006245052785567
0.0031671251646173
0.0067712134130601
0.0082210379079304
0.0104074344624577
0.0161601534768334
0.0182727255006609
0.0195226355529678
0.0237823838778368
0.0309663233297616
0.0370866971205935
0.0410330685065636
0.0460766644503177
0.0513495827668150
0.0592151738805038
0.0721611751576131
0.0783822729041641
0.0823788469915503
0.0881820973671737
0.0946455594730503
0.1007564188505677
0.1088428876864841
0.1229021631720164
0.1353016451641411
0.1370145331565218
0.1388535556326098
0.1492843403551581
0.1642025400765465
0.1728760821963356
0.1755902867349370
0.1766409481929277
0.1767252120874862
0.1775569153297923
0.1749086795951212
0.1530274930697803
0.1297637018993655
0.1281762776181940
0.1274195173845107
0.1170838576242260
0.1094929003680449
0.1084567911520042
0.1072044519375226
0.0981632703091252
0.0851859741199191
0.0822843773774944
0.0800241754167585
0.0726541536827836
0.0612386468068799
0.0566653998025467
0.0530656858606116
0.0446208757431224
0.0366817604688394
0.0334415736367029
0.0312675883495127
0.0282533967473413
0.0242810625199335
0.0196545852994468
0.0153784536104690
0.0123883901751465
0.0075768725045891
0.0032099079300230
0.0005949360492532
0.0000000000000000
0.0000000000000000
0.0002543236129465
0.0010125754499029
0.0037224688011199
0.0078037550453824
0.0105565475495735
0.0137384383775432
0.0182587846082782
0.0217660158829021
0.0271569312574931
0.0331767635550097
0.0377741991585383
0.0442086352251807
0.0499077886303234
0.0578383156188556
0.0673440729068331
0.0773844352993212
0.0865959092928294
0.0939882026148323
0.1000543915311914
0.1070044733828486
0.1142456744467940
0.1203486659645713
0.1291327258567445
0.1402519189897588
0.1466220943802318
0.1528915282686736
0.1669158942804424
0.1828526541763349
0.1945636642500153
0.1990518183893395
0.1993069968409393
0.1994703279081100
0.2017040374275861
0.2035823124411921
0.2020754861453893
0.1986730412045263
0.1778072182917317
0.1519493077603466
0.1448323073080076
0.1359252401445151
0.1296164574520669
0.1259625354996838
0.1232698968376979
0.1208797795829726
0.1095063867528037
0.0967600436228398
0.0928281706204673
0.0890522084075449
0.0798659691464760
0.0695200692504900
0.0643595064597753
0.0594934251163233
0.0483380026227108
0.0385086119723158
0.0355212233917959
0.0314881066712187
0.0270888115108456
0.0227393290974253
0.0174390006294609
0.0129608018676094
0.0082000002563552
0.0052269150750691
0.0010330668930408
0.0000000000000000
0.0000000000000000
0.0003902972758460
0.0015303913752695
0.0047360017161523
0.0092678997064709
0.0127802152995560
0.0172118559901169
0.0224894490090078
0.0283505963573021
0.0351841844393387
0.0408554938261028
0.0457509422497690
0.0492534690177522
0.0558326061971703
0.0712105191503841
0.0843617526922565
0.0981562206653438
0.1082155896410086
0.1115544389662279
0.1151787117959850
0.1282761795078059
0.1383558631242340
0.1414326270519108
0.1456563728826693
0.1557624131930865
0.1619337156392758
0.1688146382345992
0.1871381781457348
0.2252113139274380
0.2392502144279351
0.2315077278546287
0.2203459141986750
0.2221297794455702
0.2261387481248558
0.2345935721637247
0.2401077942361320
0.2423933510001898
0.2382754665523272
0.1943668991859367
0.1586519944344428
0.1509522160380461
0.1470529437316578
0.1444938906794717
0.1428442043236393
0.1419635240178193
0.1381169135448634
0.1177471159706692
0.1044128051094942
0.1032400701498652
0.1011956112474256
0.0886499413134766
0.0770030073974986
0.0704091835923289
0.0607421986555599
0.0472175915192021
0.0403808894912746
0.0351765327863482
0.0304886701070846
0.0257603347627246
0.0190573248780951
0.0135767289493981
0.0088119449102466
0.0052853040837827
0.0011845757877363
0.0000000000000000
0.0000000000000000
0.0005979590884233
0.0022222128773346
0.0058277539316563
0.0105364493758130
0.0145448538880658
0.0197050301509560
0.0250396044256863
0.0313987634289224
0.0375933227800910
0.0438744775197880
0.0501609748002515
0.0542874779595099
0.0780212595831731
0.1033306600093126
0.1115670094025392
0.1229494133320456
0.1305906282261488
0.1374627389955503
0.1536714732074313
0.1668874624831428
0.1732806098843144
0.1796006841519421
0.1971696672801811
0.2073388920883840
0.2135390892570165
0.2225069720497063
0.2494218577702383
0.2735835008067158
0.2756908642307769
0.2776712430812563
0.2775144209211627
0.2764435547675866
0.2754467798424605
0.2740161517082420
0.2733645599984733
0.2717448637069750
0.2635766475647994
0.2578873479683798
0.2303187333804632
0.2119985095494122
0.2011453537651776
0.1835053570301239
0.1747235692397762
0.1637031409147220
0.1528768370592082
0.1445134191607372
0.1313410964778498
0.1173067299125791
0.1100317187633452
0.1006246599489920
0.0882567161102242
0.0777581963709696
0.0664652613294158
0.0559692114589159
0.0473335424558878
0.0399793816267138
0.0342484541582341
0.0293556418298344
0.0215115418130433
0.0144519366927276
0.0090537204073199
0.0048278523667181
0.0010728837325956
0.0000000000000000
0.0000000000000000
0.0007986369739594
0.0039256650303672
0.0075125403769011
0.0114684293147423
0.0160142813042536
0.0213001651624949
0.0275908692831671
0.0338724475688090
0.0407605479914378
0.0482861311297257
0.0560688726678968
0.0640938829126524
0.1011453799279358
0.1322284022704837
0.1411805392839262
0.1468120963929436
0.1529689505832236
0.1737110785359359
0.1992460499834717
0.2053928203822209
0.2102322952836943
0.2259072480426351
0.2606659084809906
0.2624616226453234
0.2590925528530414
0.2818019159898840
0.3158199404639687
0.3196236742629585
0.3200382268046615
0.3260164767497801
0.3364227959610344
0.3338581160794156
0.3268206783334600
0.3144980927034101
0.3077959120975624
0.3053061529811628
0.3036595676414388
0.3019334681788817
0.2950046521746661
0.2803369096971442
0.2686027624984130
0.2362878446941566
0.2058108876245391
0.1869446023788349
0.1674320601844179
0.1653380526652589
0.1616738078926509
0.1398765062706106
0.1210891813357652
0.1099909992747543
0.0977316225766507
0.0854187436202098
0.0742053718273033
0.0628655249667072
0.0541128215709541
0.0456250106608550
0.0376496982350430
0.0308522878913530
0.0240346926823754
0.0175537523662576
0.0092961296835502
0.0034980943009835
0.0008855064053858
0.0000000000000000
0.0000000000000000
0.0012808925918018
0.0060685559023285
0.0085735032589219
0.0121488372195989
0.0172701798783780
0.0229996808514947
0.0322347529631967
0.0404326313351234
0.0528245942229008
0.0637559977692390
0.0745644746568504
0.0880881777130834
0.1209581317210647
0.1562282714911236
0.1677960128539848
0.1794903367953765
0.1936077208221101
0.2090961870010703
0.2198801134565977
0.2334103187083401
0.2570296720239916
0.2794453084289424
0.3108552217636468
0.3298787293659569
0.3507844710590186
0.3677677239228561
0.3745129385863827
0.3702396917128660
0.3697985614638970
0.3717986106430955
0.3763956637192384
0.3755776046081388
0.3669513554032979
0.3514182334294126
0.3417395828915033
0.3350383124040610
0.3328655913554476
0.3315506497451621
0.3240228625018819
0.3105870980487122
0.2995951346755685
0.2872378427886604
0.2637452173344081
0.2501661591173887
0.2242006575312900
0.1898291154055007
0.1800000259484589
0.1667394340464737
0.1447465918581879
0.1267768437187724
0.1117379385727180
0.0950983739663804
0.0820743586100504
0.0685510312695126
0.0591078136196146
0.0507016299970374
0.0409728068461042
0.0316548050620209
0.0249593818530336
0.0196673390457725
0.0100400173532023
0.0030686017494348
0.0009643310564992
0.0000000000000000
0.0000000000000000
0.0015552894323337
0.0069574778659974
0.0096000564906012
0.0131228519591625
0.0185513374519935
0.0245125372376401
0.0365234962869796
0.0543820681817366
0.0679890830442019
0.0794694858556932
0.0937221714010151
0.1094458989298623
0.1461755722314505
0.1765201837385708
0.1930686854942608
0.2178989441493541
0.2366611502661656
0.2374162213018184
0.2387173932658543
0.2641944108602673
0.3015141968141110
0.3416213829724226
0.3803175761626746
0.4079970811979942
0.4365071224439291
0.4501088852189469
0.4516458947986569
0.4258149042567161
0.4097248025145678
0.4167166962399945
0.4242576592816311
0.4224791393370732
0.4157410987853478
0.3930025087501929
0.3647792440369511
0.3612837830141465
0.3619268202646208
0.3609926129277202
0.3558974343367636
0.3453494402087326
0.3388258357213252
0.3304214177229491
0.3151562204989902
0.3042366911616561
0.2877881022256980
0.2353618836509241
0.2005655951455392
0.1855709464537315
0.1642774127985514
0.1426052519177051
0.1279884826533806
0.1089944684048103
0.0904394721619022
0.0739157707108209
0.0643118183227669
0.0548531791512032
0.0439500154550129
0.0336990598287107
0.0256404109474589
0.0186625290563745
0.0114510309991964
0.0054056642850260
0.0010497676068418
0.0000000000000000
0.0000000000000000
0.0015649105756546
0.0072450970910915
0.0101506991804341
0.0141347164074748
0.0201562597713533
0.0263095769973226
0.0431545484708507
0.0644326513758449
0.0732812852662499
0.0853605885750229
0.1017983018115355
0.1191174038156795
0.1619761961902919
0.1998711616808335
0.2338209012797317
0.2589894495666209
0.2720246270232927
0.2828850384055617
0.3154225488425810
0.3459809767533819
0.3669810867508084
0.4007218071058315
0.4221106114201235
0.4432066748750584
0.4625086346076875
0.4773094342625047
0.4820232987502118
0.4807354229007986
0.4753206243861903
0.4704945154563243
0.4665504465372319
0.4592922254471082
0.4525536393336643
0.4481851255987377
0.4369140927393071
0.4178030324061955
0.4116054982283381
0.4071083642999749
0.4007394143966168
0.3843372166305956
0.3764469494460288
0.3663335922237448
0.3493009551752979
0.3284734679417353
0.3066774950759583
0.2875193619793633
0.2521522919747824
0.2252035600602653
0.1944915537007862
0.1596172737285685
0.1435614224095789
0.1267536710270066
0.1046092064162748
0.0806518953205870
0.0693649998764359
0.0578702536655931
0.0462471799691949
0.0357284448364216
0.0259326473427688
0.0174879250632346
0.0117099820500814
0.0085509548940239
0.0015909910053998
0.0000000000000000
0.0000000000000000
0.0013980941236495
0.0061328562811277
0.0103356774737662
0.0158063675962721
0.0220448406046129
0.0287316955512116
0.0477834436267333
0.0676815901809589
0.0786157491705213
0.0909999856817404
0.1092038940388554
0.1297417616159286
0.1780462173527333
0.2485520122345822
0.2757896071638094
0.2926706773737239
0.3109180903008009
0.3431362306091351
0.3861302492708216
0.4041106963388092
0.4226471906110245
0.4510785175593379
0.4671239974755654
0.4755176438556169
0.4861279911970269
0.5097273628210636
0.5206700235194042
0.5294852585048005
0.5323965435875206
0.5222686119257207
0.5113538805169445
0.4976223876557436
0.4845313814521033
0.4953443980634631
0.5057235049348556
0.4819342195962706
0.4489462589660858
0.4491692515052126
0.4490874049713581
0.4290859814526198
0.4122388859875888
0.3999519342638698
0.3820920497660253
0.3586074682397008
0.3347312560215674
0.3166227581696406
0.2966013246228973
0.2707125362352053
0.2216722797159647
0.1782383554406136
0.1605323527694769
0.1434265003710604
0.1222396153359077
0.0955962299437265
0.0724436124872366
0.0589725460314916
0.0483597294896161
0.0377933613083737
0.0262381506296072
0.0161013104720068
0.0115714175978056
0.0079265710684867
0.0018133908730405
0.0000000000000000
0.0000000000000000
0.0013097588394226
0.0049875388297875
0.0102782293737232
0.0174234193081742
0.0235580289828864
0.0308837281682936
0.0528347629825312
0.0736162314816719
0.0935310228892769
0.1098364092280911
0.1389187012990063
0.1689054651731205
0.2206250223729089
0.2777309245016834
0.2888930790709326
0.3078280076849059
0.3378023139921530
0.3730110533916855
0.4038639365626714
0.4264621706948850
0.4603184421595256
0.4882282060877948
0.5029708312710327
0.5135730892488115
0.5395692837400188
0.5556810693869578
0.5585054947156143
0.5584773449742694
0.5548031709870103
0.5483052660500677
0.5417694560262815
0.5385273412488307
0.5362322875597604
0.5318142257083791
0.5263885534913292
0.5201926260847520
0.4970384103648395
0.4732827643172514
0.4639984628665609
0.4528949345148346
0.4394902304172613
0.4225329166444136
0.4007875825879019
0.3803994196324261
0.3579180631094629
0.3325374188226426
0.3103952651298089
0.2877588458405843
0.2373347744993393
0.1896501380817237
0.1705024304603981
0.1533172237067553
0.1340286476247721
0.1234770549900982
0.0884637028370948
0.0609856974107305
0.0523549566106159
0.0425391746869543
0.0276505544600088
0.0147316682727123
0.0112907112157905
0.0071586932822037
0.0017796208195970
0.0000000000000000
0.0000000000000000
0.0012284604569958
0.0049475905710462
0.0101860825309954
0.0171948709542719
0.0251391759660886
0.0342125009095040
0.0594688459763263
0.0936366854276215
0.1124792009405391
0.1278759403035709
0.1678053082556748
0.2209782338104916
0.2586466752035251
0.2857840846208796
0.3009012822068067
0.3204209999769798
0.3540164453415320
0.4037057945939891
0.4333734699034604
0.4625839356101066
0.4977559429498550
0.5222032640078986
0.5398172465418944
0.5616584130060845
0.5893620377429910
0.5980125184497108
0.5987927155892535
0.5911215293341247
0.5802614903768940
0.5723144282292227
0.5643556023832911
0.5750856060503209
0.5875675396473580
0.5686897563496892
0.5539121054720760
0.5507839518695874
0.5407473819484689
0.5001810420729529
0.4799752173517907
0.4753049524065185
0.4703260624489517
0.4505589810710129
0.4136654828786219
0.3966726017832950
0.3843536261370659
0.3579802123224828
0.3228316406014541
0.2992932834297924
0.2537008649801913
0.2029648424317729
0.1783418283088077
0.1587824675544725
0.1455096289952941
0.1336074556644296
0.1016883741941069
0.0707027832906682
0.0566450910460532
0.0434324663742870
0.0299187647570339
0.0170074443217475
0.0116248826474248
0.0067626523248785
0.0017238305332030
0.0000000000000000
0.0000000000000000
0.0011999913520606
0.0050429320093387
0.0102295714789245
0.0167798173618338
0.0290214613130309
0.0421978654054215
0.0714667291172789
0.1076830471752803
0.1212124396169322
0.1372663590437714
0.1871084023754488
0.2413339537220357
0.2692517308620357
0.2933107725119077
0.3260051052785070
0.3517049388286233
0.3935828402281145
0.4436955007286937
0.4600997162358926
0.4866389859066698
0.5137118861122132
0.5403387263470012
0.5632193959251779
0.5826425846211731
0.6014942695040667
0.6173139075248538
0.6292061520464279
0.6351585748941743
0.6408511466355518
0.6443444635802746
0.6486042279203235
0.6440975689763369
0.6394604681482835
0.6348963448571577
0.6290036190518175
0.6240771794522920
0.6114941240730495
0.5941905604407425
0.5620536267379688
0.5238901812084359
0.5145085700492157
0.5075146659654795
0.4726433463034720
0.4236646271659696
0.4120979265743769
0.3983656991029390
0.3582519589842756
0.3275533244668939
0.2903782707217851
0.2498478404543762
0.2092247564298031
0.1662824005136241
0.1540477669774453
0.1391716817689181
0.1066542059110002
0.0779473089593377
0.0606137447778979
0.0443312352668005
0.0317423322895078
0.0200858230103985
0.0130950971397441
0.0068744156521331
0.0018193977143596
0.0000000000000000
0.0000000000000000
0.0011804049326597
0.0047806117931462
0.0105261141931996
0.0179842841306569
0.0326009440309791
0.0547727960931146
0.0823497853331445
0.1106371578532062
0.1286801688310673
0.1561366486004870
0.2060968092662673
0.2540862969149305
0.2844092631621406
0.3154146774025193
0.3501935088948051
0.3778867597908371
0.4242565798489970
0.4640962440052770
0.4818706867833293
0.5032932334548443
0.5292370471459332
0.5649072209590996
0.5883956178873971
0.5998345593076845
0.6142768704878822
0.6435930624531918
0.6637690922913714
0.6800603137007752
0.6989020343249260
0.7138437299304292
0.7258633951260124
0.7122417335634180
0.6915463252787395
0.6931621226834428
0.6965439627134186
0.6970210280941863
0.6929531209279379
0.6769210530440569
0.6395627790599085
0.5795102059839440
0.5565998424373791
0.5500865391210163
0.5291289257232833
0.4641830862290507
0.4430904288955407
0.4277558586398187
0.3822413159009660
0.3435676472358752
0.3277318899958311
0.3037268072042967
0.2356365793086314
0.1799773679214489
0.1635804378354584
0.1458006538087460
0.1131922451988590
0.0831469750293730
0.0648935285875079
0.0469032069016866
0.0349317948235632
0.0238519316863563
0.0150846315180250
0.0086251014483671
0.0019139214840304
0.0000000000000000
0.0000000000000000
0.0012616272728619
0.0045815012030018
0.0125371036887864
0.0224860871748699
0.0415444915660496
0.0700607201693326
0.0871887773394931
0.1102713834376239
0.1391512875698691
0.1791138076301014
0.2156274027371245
0.2623742750382986
0.2973550090542466
0.3313028732587213
0.3624842195908352
0.3899771166416196
0.4409512821129603
0.4862555968087106
0.5164692756089581
0.5392945582858836
0.5741625252899615
0.6085959205353810
0.6222855243463306
0.6340745158201290
0.6715055941890106
0.6934883421523987
0.7006862176115057
0.7140318462623446
0.7269293371833895
0.7387510408586484
0.7463577611007151
0.7498811820179559
0.7499622856915684
0.7460419270361336
0.7414319680473263
0.7329721839794109
0.7229502452678401
0.7085785381751479
0.6743487412531609
0.6397177731398342
0.6158760435532860
0.5971803426086769
0.5614277358917625
0.5138513372713812
0.4865554683503706
0.4657913241316951
0.4094215586500407
0.3496983857009250
0.3357004572399788
0.3217294171214875
0.2616355019468344
0.1999910766822096
0.1787383189819280
0.1537218063301722
0.1193958010549676
0.0882340513718350
0.0695067207342398
0.0496509590331548
0.0372039532664806
0.0268613086668012
0.0168635653128132
0.0121358266897358
0.0023149470411283
0.0000000000000000
0.0000000000000000
0.0014985303980098
0.0063114231324491
0.0152784839392403
0.0282698240446444
0.0470214005031002
0.0711197108336468
0.0904767821665430
0.1107810317569830
0.1442352815948847
0.1817349210211490
0.2231354516754157
0.2729477143693843
0.3088532236299889
0.3499197459239573
0.3783360039366224
0.4016187838589629
0.4585205203389220
0.5220535833370272
0.5505511259101166
0.5751173035554714
0.6111255380360051
0.6369083107082216
0.6529506578865738
0.6845674810214736
0.7211232164487117
0.7277000253890180
0.7305104956862599
0.7430553147925492
0.7543218609848301
0.7621418307190385
0.7703584488085137
0.7862722863313163
0.7983085171623846
0.7941183469286330
0.7835555734034666
0.7691477473615450
0.7542386097172854
0.7395385783551328
0.7107759414566867
0.6825203870927572
0.6637297585620745
0.6422045369046968
0.6106378560302902
0.5660359314886975
0.5183893087463205
0.4890908850412249
0.4320199167985294
0.3645005390774266
0.3455826623673662
0.3229147534580239
0.2854874497493958
0.2388942788174057
0.1932872813113687
0.1595320921919068
0.1267521967895733
0.0958828039398580
0.0759871170572802
0.0562303447328864
0.0391044214616728
0.0259477701961433
0.0169958696523294
0.0105693733052411
0.0023804392496165
0.0000000000000000
0.0000000000000000
0.0017131712042494
0.0073970598619079
0.0162920485417924
0.0297377757451054
0.0470939370341858
0.0698055520370763
0.0918695699377463
0.1125341551823600
0.1492683905804785
0.1804638912730422
0.2290710719696546
0.2855210979605783
0.3210601477433594
0.3680796221229665
0.3918550752615041
0.4133387337952441
0.4804697108726040
0.5459789170905324
0.5663180373046888
0.5900259095571059
0.6276147655015220
0.6603250854113322
0.6914254026359757
0.7184309214558525
0.7332705747895369
0.7469776365911820
0.7613737247746309
0.7720029381643168
0.7803419693999605
0.7899736599366360
0.8048286615312832
0.8150129573450100
0.8171415494689337
0.8161475558725317
0.8082888604255811
0.7943908387028531
0.7778328381749373
0.7626281723791810
0.7373077626393731
0.7072301109666415
0.6879007874822544
0.6633525014622813
0.6313789291958158
0.6030302488938304
0.5526775890867910
0.5073097619506282
0.4469078853120393
0.3810254271909844
0.3574892912547849
0.3251274196255631
0.2915803574539126
0.2583435872444905
0.2061616206965744
0.1636479192080867
0.1324192516607176
0.1021827015471604
0.0810519931292093
0.0634436259703734
0.0411328447285828
0.0240998117738955
0.0162630553033868
0.0092498390929398
0.0022641458998727
0.0000000000000000
0.0000000000000000
0.0018548782366444
0.0077532263221608
0.0169138249228739
0.0298269115889690
0.0463398054401391
0.0650272792451359
0.0939224768558813
0.1268716505608253
0.1590882385436957
0.1870454375437361
0.2284777513206767
0.2737529526617901
0.3266124507718589
0.3800032401557687
0.4049557004324162
0.4328842243008880
0.5002650776507177
0.5608513984880226
0.5806231317106387
0.5986652451474697
0.6402031014775018
0.6961474003564693
0.7229885545086622
0.7374834339337960
0.7510486548822674
0.7683554985198466
0.7880015220387263
0.7935787698217718
0.7977234547548308
0.8152037754901759
0.8343530727429653
0.8385589121618959
0.8374808709015232
0.8377460599564214
0.8347002690894438
0.8206840925574104
0.7926351653330550
0.7755035330500161
0.7606177640291421
0.7348629766392523
0.7103604123776401
0.6851959401395217
0.6500468429783304
0.6196860125183909
0.5734706223244078
0.5268924811647194
0.4657633034716118
0.4000829737346446
0.3735091508882518
0.3409814136223389
0.2982493188941724
0.2650719506074214
0.2135049651941449
0.1669410357796376
0.1411065669289942
0.1123639308191682
0.0846102417551468
0.0632768552698939
0.0418704863756429
0.0248702766484112
0.0156823460026932
0.0083235987581352
0.0020246890693872
0.0000000000000000
0.0000000000000000
0.0018530292425953
0.0077429370171669
0.0170617975513336
0.0299641763086446
0.0474588870111709
0.0617881180065778
0.1030061231687093
0.1458929384822546
0.1660184314101849
0.1920555132152526
0.2294052242189404
0.2586697439204499
0.3278470406313544
0.3958046899985897
0.4243520624889270
0.4616457327725673
0.5165812328815304
0.5723770631832664
0.5950438060984459
0.6108155247763266
0.6759130848119402
0.7266149012473825
0.7382155570364660
0.7548200930611996
0.7827401186797484
0.8031849539076076
0.8204599466150091
0.8340727838384090
0.8657428558915827
0.8802698785209017
0.8819961241036315
0.8782657527177432
0.8718089564992899
0.8617449895262342
0.8554324125376266
0.8507564906066428
0.8261332128585895
0.7864180708734254
0.7724817367182242
0.7518197379165173
0.7278471043630542
0.7045880434009113
0.6653134617278733
0.6288081535390235
0.5843888716531468
0.5405397490287173
0.4824986836251615
0.4222922910744646
0.3936765545486089
0.3762727035407458
0.3276570657577391
0.2878960921635597
0.2408001362024781
0.1771750082681200
0.1564086308471120
0.1345146788374019
0.0931835134964839
0.0588467546232020
0.0420974885397635
0.0269405129521293
0.0148857876086738
0.0066081673234211
0.0017138089627556
0.0000000000000000
0.0000000000000000
0.0017577864004507
0.0072934865954263
0.0170837561885764
0.0311855137049478
0.0493346012657347
0.0765332620248807
0.1143256246064158
0.1495469834175823
0.1727054389163689
0.2005748630462195
0.2339373787742617
0.2641180199012653
0.3252029739917703
0.3848550640441026
0.4352300495765399
0.4903818800468991
0.5335724199239082
0.5754120222547823
0.6073282260519366
0.6490349635330561
0.6968743636822969
0.7254821166694736
0.7494696796131265
0.7830820293957177
0.8139156216094248
0.8298179813578884
0.8505016097728988
0.8756277252314908
0.9124792857049908
0.9268974169124093
0.9270713165309512
0.9164703180791537
0.8982298155539251
0.8830006561586263
0.8752158140425325
0.8693575662587442
0.8518529923008590
0.8113758821317092
0.7863124178113722
0.7647308576598220
0.7424391484824933
0.7182124827436709
0.6746574984791869
0.6283164304388776
0.5915964191743577
0.5543691665632418
0.5010062975731924
0.4459994209736344
0.4087826167895086
0.3761187783217776
0.3418082819300757
0.3076960375111036
0.2754448569094580
0.2302525096132566
0.1670000401406236
0.1341009389989536
0.0967716998446195
0.0627531725665464
0.0426433038258812
0.0245955417612276
0.0143952992946207
0.0062271510904261
0.0016132395309965
0.0000000000000000
0.0000000000000000
0.0014726160585191
0.0051101034059641
0.0162660525832712
0.0363928175173477
0.0570470177723302
0.0973070907661315
0.1173082916217835
0.1485818937695118
0.1740041595231049
0.2052814343705901
0.2398890577316765
0.2716469201758972
0.3292047801662965
0.3734821415814719
0.4434152445252919
0.5103355981062643
0.5385650719958101
0.5739396870495234
0.6220737475978321
0.6754042516409179
0.7047896572433647
0.7237503506495653
0.7801099822611378
0.8186082697309088
0.8296421625893927
0.8470035711613348
0.8787362850441016
0.9049180150015992
0.9282874363905852
0.9424644028906582
0.9432492407794010
0.9405588481821147
0.9274039980167532
0.9069574853586655
0.8958982437080113
0.8831490476451614
0.8627500964134251
0.8392742438896886
0.8100165480037094
0.7827159978173022
0.7599479055175087
0.7340719120492244
0.6843900988939170
0.6261658851617772
0.5937527455740805
0.5602726528466125
0.5111954582864682
0.4678131743302072
0.4219285203840154
0.3727929576884287
0.3442419488641207
0.3106017934777064
0.2791410341449425
0.2600116485432417
0.1869367406729989
0.1286795137470308
0.0998360873145616
0.0666732669278009
0.0444237382149988
0.0243540287973703
0.0151043117749000
0.0065418271363549
0.0017330476589627
0.0000000000000000
0.0000000000000000
0.0015067884105435
0.0060140798133326
0.0145961297779684
0.0269742436247209
0.0581920809184767
0.0995943635182831
0.1179025447307298
0.1410434645174863
0.1738624034314366
0.2067298796420904
0.2453953701737505
0.2979327025568488
0.3431741079693100
0.3752151290371310
0.4467411393286013
0.5131124589292591
0.5393380832709271
0.5682197630874647
0.6287196842448656
0.6921358583560110
0.7192179454241561
0.7500187780641645
0.7955818893038330
0.8230082402904515
0.8435194054178862
0.8675331735052235
0.9011530530327727
0.9259791321455765
0.9459221838418530
0.9571816768438494
0.9593387580975148
0.9587989914586428
0.9497850421181457
0.9282524524825118
0.9106273234003642
0.8953687014301659
0.8785940487837175
0.8565459694399394
0.8262682406181397
0.7950625235707626
0.7746337212912170
0.7505256761480266
0.6931875005933233
0.6314067158368333
0.5957273022314514
0.5562240439249316
0.5186870533377803
0.4810056564866252
0.4315841686068949
0.3809998986462121
0.3481513668040181
0.3146427960521976
0.2839505166200194
0.2534013435602230
0.1956880010951105
0.1447626989872124
0.1046598826775001
0.0701043261395786
0.0477661834696371
0.0285578964408970
0.0169647243144773
0.0082769281192036
0.0019302193177412
0.0000000000000000
0.0000000000000000
0.0015965421182261
0.0063807783855973
0.0147000952848329
0.0248275941869670
0.0568031662268870
0.0981338010985617
0.1156645759151028
0.1311606310949053
0.1747225050582198
0.2116825339371862
0.2680402256970972
0.3322396199813510
0.3533406619523419
0.3808062650152231
0.4507238369626306
0.5114148599024259
0.5367907933445298
0.5575026390955328
0.6348077726217453
0.7103364490684613
0.7332298012726334
0.7702097446626371
0.8015637792048066
0.8248140155214498
0.8623375975853069
0.8924253628017549
0.9160143367767872
0.9393453537200357
0.9568021775290039
0.9676538280905975
0.9709297876298365
0.9723059011458633
0.9682541061083260
0.9577865359810130
0.9392687202451651
0.9123848099682885
0.8938366151091359
0.8720427019233025
0.8405623731282453
0.8033267184061581
0.7830212602910800
0.7612359744922768
0.7020802674543074
0.6394603149249415
0.5997395944155642
0.5530742437837129
0.5218945379211256
0.4869851443865727
0.4365354439824902
0.3878197652244689
0.3527516554181169
0.3194462493202857
0.2873106536932207
0.2487987810870285
0.1978832474043631
0.1497950723780276
0.1068269933542555
0.0716228404913535
0.0495836965490072
0.0317742253992453
0.0186307741549461
0.0104182859369258
0.0022006367601682
0.0000000000000000
0.0000000000000000
0.0016722201467186
0.0071240805734790
0.0152944286017025
0.0260700130576037
0.0563690505858432
0.0955096289246647
0.1131650734435741
0.1301940534364714
0.1778318565756564
0.2384015232709585
0.2827453615107285
0.3299873136589587
0.3628602019548591
0.4048557252236433
0.4569794939043813
0.5024773568652559
0.5337948136309664
0.5630716958996079
0.6255948739805455
0.6927579602203904
0.7390598416338720
0.7819848504493677
0.8125883725215084
0.8428691137026030
0.8756080866148035
0.8998284193009080
0.9274255178767977
0.9505244747040109
0.9657162226911111
0.9744438844729211
0.9786852456709848
0.9820758299168615
0.9815943215183623
0.9734934147459522
0.9575780145608820
0.9319431050623543
0.9052817485206187
0.8779771240485549
0.8506558775795606
0.8169391268113629
0.7891868156652891
0.7605596159963008
0.7079459199097475
0.6491506600569565
0.6056439516371380
0.5582613994869684
0.5256273508405814
0.4927026601388408
0.4401006345943497
0.3876629536519371
0.3565920685549822
0.3251761863271196
0.2941496695578953
0.2613255641921048
0.2002467850009399
0.1492288127239408
0.1085029974518638
0.0724056448170531
0.0511528468255459
0.0343261740223578
0.0194001887213777
0.0093147618419794
0.0020754508548473
0.0000000000000000
0.0000000000000000
0.0018650981446575
0.0097616273873549
0.0173141770175493
0.0300472725357895
0.0565972700451275
0.0903183167967495
0.1090948257334339
0.1295812450137762
0.1818877076386859
0.2526854573630322
0.2850479449992886
0.3214112484534247
0.3715856545484390
0.4251919024931147
0.4579087444301999
0.4971440904048273
0.5323031467047137
0.5668360334191691
0.6221231136948114
0.6706445877384498
0.7397374891276814
0.7965579080028107
0.8254096628614865
0.8565334372343039
0.8802435318936566
0.9028226753943135
0.9350927671227628
0.9575406101032431
0.9700807728880170
0.9785329598872878
0.9867794729142145
0.9886538189790853
0.9855917294315777
0.9781338819318045
0.9639116683248893
0.9462503921198322
0.9159016707718314
0.8791809121680210
0.8540882952814187
0.8304391649094108
0.7967560395703148
0.7567399086799751
0.7123978677335855
0.6579701518289772
0.6129038708575870
0.5651144009011337
0.5288501749209277
0.4971696196103741
0.4420466485737613
0.3865232506136030
0.3600049627671601
0.3306942224312900
0.3011032344824461
0.2834662534041544
0.2182905769649441
0.1508939103192637
0.1138657170623242
0.0716023923636313
0.0509220580946826
0.0385244530648298
0.0189421021441020
0.0060152286112921
0.0018327685754603
0.0000000000000000
0.0000000000000000
0.0018169783930846
0.0082110458931905
0.0185634251163076
0.0335829069577476
0.0566306443240529
0.0835558841291343
0.1044295400945180
0.1248173936276148
0.1788200825790089
0.2460764441594717
0.2844850824235478
0.3283062048618739
0.3729883415249406
0.4222702191241372
0.4571223263016221
0.4927433604349969
0.5318938306800658
0.5675112679705655
0.6198086044658390
0.6650675508826727
0.7409374647077687
0.8081970771562493
0.8307201631283175
0.8543954772495408
0.8849432013949343
0.9140857222793567
0.9426030162364248
0.9612035722903534
0.9718497743624723
0.9791459636110372
0.9835683581462908
0.9872132821379674
0.9879851366487804
0.9776124046306878
0.9656271468668441
0.9525125959560220
0.9205793387539375
0.8780831325414019
0.8543054556484297
0.8265832973175202
0.7972664901079921
0.7645751753946627
0.7174348086991467
0.6669812392245222
0.6195003907803610
0.5717826388709555
0.5303484228618908
0.4853301805131401
0.4397107209616851
0.3932974704595723
0.3634169014016462
0.3339759931511895
0.3045701888347670
0.2757808135603035
0.2387513203268593
0.1999842213295851
0.1176689178651458
0.0639165544499385
0.0476943524992650
0.0339185719196572
0.0182351290571040
0.0072341416379134
0.0018327924655317
0.0000000000000000
0.0000000000000000
0.0015876015146174
0.0071172296132034
0.0186837451489612
0.0356168037847996
0.0575814598966276
0.0808526597511477
0.1020667885188297
0.1214068005170839
0.1726529379992720
0.2312586833922537
0.2778758894772729
0.3317807954949745
0.3685436271250028
0.4137251817624412
0.4528766557951034
0.4890144870670143
0.5342490262074070
0.5706913157530231
0.6221959389539193
0.6602173128160109
0.7414335511655568
0.8121825355566330
0.8280130553256874
0.8449021961518514
0.9041004360235712
0.9376447424485899
0.9468614820768791
0.9607815651982927
0.9692145143684219
0.9754550594598190
0.9781614656712165
0.9806802523542661
0.9846866585386569
0.9703453814316617
0.9581801964009657
0.9490896074526048
0.9167017419328416
0.8701960175610655
0.8502120085867774
0.8195218144175810
0.7939999556064349
0.7670475267748154
0.7195260656109826
0.6759382255752299
0.6246971752901592
0.5816336037279312
0.5280478155359387
0.4676886878895987
0.4387730925457138
0.3995290263879379
0.3666284462298953
0.3359866892536522
0.3050441547313369
0.2694444564796510
0.2400170679314717
0.2206793188054170
0.1259397196627749
0.0561098075648438
0.0450601022212493
0.0311170228233183
0.0182616233904959
0.0083935328376295
0.0021122057163550
0.0000000000000000
0.0000000000000000
0.0011861315922778
0.0047955041940291
0.0187421128250095
0.0414727661197378
0.0599497015416981
0.0805603914517254
0.1008875054159078
0.1221518814300975
0.1649342472365906
0.2137142833764482
0.2683851236862416
0.3248115558085156
0.3572873363543231
0.3961205242359208
0.4506664793939709
0.4971724455692728
0.5397911532675946
0.5794047005966653
0.6257322961641528
0.6716107220273312
0.7193516049572763
0.7772782862926807
0.8257521955833409
0.8541575998510058
0.9014512020134249
0.9323648727488310
0.9442298979532351
0.9545564326357243
0.9612623032446870
0.9667303742264426
0.9690133181412103
0.9684823409904252
0.9637766626103355
0.9605231406487046
0.9496792687297952
0.9131261801658643
0.8860878348046931
0.8643495484127872
0.8434988410232797
0.8193750816504172
0.7890994202475095
0.7512156505369857
0.7124343526878698
0.6749353747877513
0.6200932071582091
0.5642489477279706
0.5212127074437376
0.4765119362636633
0.4390318505460143
0.4000413318430376
0.3667222580164657
0.3357392380876042
0.3065892579970457
0.2778489761053748
0.2397547623222174
0.2036066397085654
0.1164141047471034
0.0603757294371394
0.0443055438712274
0.0286482193299382
0.0186616138267470
0.0104829128700304
0.0024073601000123
0.0000000000000000
0.0000000000000000
0.0011971430295075
0.0028948997297695
0.0194710596062550
0.0498514732474008
0.0604653683134417
0.0803861413443871
0.0999538981580490
0.1224509843512426
0.1618941980055136
0.2031113730006769
0.2587574283082090
0.3147512807285779
0.3442684505575680
0.3687798688721194
0.4480943032552971
0.5166707945216034
0.5451290101847150
0.5842438774782560
0.6249720976254086
0.6737270106999196
0.7138291310607608
0.7434352649501050
0.8176377353779133
0.8693854269302259
0.8957812438485279
0.9210860994836022
0.9332955325602219
0.9430580274844127
0.9494205274850192
0.9545217835800206
0.9562901878813443
0.9559736963071606
0.9526398518676782
0.9486241495912674
0.9304550619791767
0.8941105638707891
0.8799340692003574
0.8603438184239409
0.8386903403739843
0.8183199353896171
0.7827271927986702
0.7390134281192409
0.7074731891687056
0.6717795702753835
0.6141942807766019
0.5565019425405121
0.5196157571947233
0.4820971416661310
0.4402291402943129
0.3984603765575970
0.3635689157310457
0.3324256755023657
0.3050043824410205
0.2888298012822927
0.2181667496393604
0.1495270932538513
0.1102717816299651
0.0676967175215162
0.0467356684165813
0.0274630756837534
0.0191246791560858
0.0123751832166309
0.0026954122587734
0.0000000000000000
0.0000000000000000
0.0013042765921015
0.0072478096046800
0.0207746549344746
0.0388757329023985
0.0591183489891251
0.0808696853659320
0.0982079919569049
0.1166793431887429
0.1598043293727274
0.2087543731513331
0.2495119148823188
0.2958699411592519
0.3336488920585967
0.3619381979029876
0.4449686910689845
0.5197632889470984
0.5431006627489448
0.5731982017599363
0.6188538902419315
0.6649057391939975
0.7088128207257431
0.7422686146437106
0.8069991599408656
0.8581904689203301
0.8886860471619572
0.9082012505768041
0.9144852126546906
0.9244339992910945
0.9334911203346083
0.9392307557156280
0.9413850871126690
0.9406793103048043
0.9362648275007623
0.9271609992416260
0.9075155871696796
0.8885178843816892
0.8733119727455372
0.8493996278100920
0.8303194135549109
0.8132202529441518
0.7774526519346027
0.7353863992829359
0.7025243928618425
0.6649918771216021
0.6078261963482484
0.5487443536506148
0.5175262491556232
0.4880022036101855
0.4400926909265495
0.3939731095676889
0.3578843101766527
0.3224004699125719
0.2970243274179585
0.2788172330879397
0.2000650175188402
0.1285894383642009
0.1032930455063623
0.0746746027452307
0.0503971805263031
0.0305193197522059
0.0193494282180434
0.0114484413805072
0.0025801057094349
0.0000000000000000
0.0000000000000000
0.0022723460437198
0.0132179975537767
0.0205280827191300
0.0321058271566293
0.0547486598199607
0.0804141797765336
0.0968259525517424
0.1107303817376574
0.1553190168590615
0.2121530934024542
0.2414092228573085
0.2794492785672993
0.3262659407746503
0.3610131534978757
0.4421471809533246
0.5150396243342591
0.5346975185531000
0.5569069041424869
0.6021332504529128
0.6355208950845401
0.6958895848326576
0.7442081984772527
0.7843108183310190
0.8243568507020148
0.8607376843784272
0.8933252138784903
0.8997206467275698
0.9084252118379259
0.9171829323900740
0.9228964200719413
0.9247491036760982
0.9236348405447512
0.9181518379865267
0.9088991197771955
0.8943464614292440
0.8800378518975399
0.8584531559510287
0.8321184964797640
0.8194589673101618
0.8049942309434293
0.7699082774923639
0.7309805800197920
0.6955720519500862
0.6545745103010433
0.5997420315717811
0.5398453739335947
0.5119099857878626
0.4910067070687739
0.4314439106184433
0.3768588415861720
0.3406015391489688
0.3006747962044898
0.2776025447541809
0.2586269269083025
0.1905754818020441
0.1251855309263013
0.1049244772322569
0.0790117528513283
0.0523713051581235
0.0347823136981715
0.0184193928529553
0.0087079505904406
0.0021506879851180
0.0000000000000000
0.0000000000000000
0.0022977067202157
0.0109093155688780
0.0201729262827725
0.0319734777552334
0.0513383469933645
0.0752380184043038
0.0957821905510309
0.1191534792760125
0.1469578415425228
0.1827947355463350
0.2351446945453978
0.2755075847395176
0.3254144350584214
0.3759115928799712
0.4350984250848706
0.4946759950639943
0.5218108390941499
0.5482694613446603
0.5842133156436955
0.6188194051726704
0.6719290029642093
0.7188271878266329
0.7419879662263483
0.7680508369797356
0.8185951076044025
0.8666039354066201
0.8809963204443809
0.8905045036442354
0.8990519872039249
0.9051085670130202
0.9073106339501309
0.9047085811551357
0.8980704178103402
0.8889973190784319
0.8756637601461883
0.8597866209156300
0.8383339537111395
0.8195188624692373
0.8064468920646591
0.7909715409657656
0.7574992643871020
0.7249896682812633
0.6885429851682610
0.6485205287834517
0.5931559621940448
0.5333235665566746
0.5044866879370719
0.4697790448901249
0.4107132575051465
0.3616082859612240
0.3230312559328762
0.2836864433960862
0.2571888224919489
0.2247262314540752
0.1841596099758210
0.1478364221137826
0.1078579058789241
0.0803159919607776
0.0530451885778069
0.0297397351993387
0.0163979399661607
0.0070237979030566
0.0017479124741949
0.0000000000000000
0.0000000000000000
0.0020733886111283
0.0075796040477104
0.0183738037202064
0.0325664948152538
0.0481672931185856
0.0668692084854763
0.0933463544984087
0.1260016702735118
0.1438825770565537
0.1610871765532286
0.2228540849063017
0.2746268135990657
0.3296513042268087
0.3900345418592219
0.4263313668383760
0.4723922323505765
0.5029039068987500
0.5385889330954163
0.5755081889087545
0.6132427807532719
0.6635362788977480
0.7100827461877329
0.7316380527177230
0.7529803958072838
0.7997930062273274
0.8403764221034435
0.8569791345337815
0.8671328284466109
0.8751196248125501
0.8836779543199464
0.8881041495961769
0.8875242115736580
0.8822038076954639
0.8742374420983871
0.8618974987852294
0.8456905938263338
0.8244564628652756
0.8049070128013650
0.7860341605962368
0.7687493988480689
0.7357868640484161
0.7071070567689162
0.6665931934904131
0.6310674871899935
0.5759465332527666
0.5139038334510906
0.4789886895003344
0.4339235635071864
0.3967713408183308
0.3515547989923378
0.3115428995739312
0.2712728183170168
0.2417110939085739
0.2090037615593807
0.1804099320519287
0.1617252927884866
0.1136996721642274
0.0811388552743067
0.0527170441952687
0.0251179227912508
0.0160305581371961
0.0065317088728992
0.0016751556700089
0.0000000000000000
0.0000000000000000
0.0017921429552003
0.0073303520830298
0.0170816660620256
0.0304960046016892
0.0449553156775540
0.0604418817997520
0.0888470337266817
0.1203757069621694
0.1404662481041657
0.1593522956228601
0.2188013089529804
0.2860238510077652
0.3250836586034120
0.3707509924331157
0.4113609786521649
0.4510452375202271
0.4796824489357541
0.5129325561664855
0.5692257562674469
0.6143988652240273
0.6533292216527704
0.6942481539651123
0.7185876700082523
0.7389230987038781
0.7786737817143530
0.8176004009519092
0.8390033808851458
0.8418105152800396
0.8424423156511474
0.8566040527119032
0.8762041627743071
0.8704334317849380
0.8627620935981722
0.8595943487277830
0.8513654139039414
0.8291412803604743
0.8063092487506225
0.7813896972597171
0.7615441206566275
0.7439670957589322
0.7079083340943549
0.6626767699570885
0.6293754504338808
0.6083024423606098
0.5541080384107288
0.4937391051614980
0.4575029248918387
0.4166656752083261
0.3824555494900085
0.3420399418495230
0.3011287765440468
0.2585945449516476
0.2297521059279919
0.2027090518512825
0.1751462534114551
0.1451760615338910
0.1077723527114041
0.0806164804847649
0.0548338888951907
0.0314553969948702
0.0166842319335305
0.0067779498352361
0.0016720431825873
0.0000000000000000
0.0000000000000000
0.0016078835758393
0.0071799548987224
0.0167168355506498
0.0301077207488711
0.0444678148009848
0.0576458773357191
0.0851548044928450
0.1108520612692917
0.1357647565037515
0.1603262471553616
0.2137117395567370
0.2857552463461131
0.3182933250079296
0.3597953086439314
0.4000945985346118
0.4359565539146970
0.4619410632667146
0.4804206092335576
0.5450562445753195
0.6111022672298747
0.6389102931490804
0.6719345394612269
0.6950085544283412
0.7143983797441789
0.7479458883591258
0.7730936847309505
0.7935969133761431
0.8055175744477459
0.8089665018975428
0.8130807872659083
0.8259775320056018
0.8202814011954493
0.8177666176812519
0.8173611930092947
0.8101535251399027
0.7870968236427799
0.7737213293451943
0.7556930550462780
0.7405262613935019
0.7219716428453443
0.6800589354834999
0.6365844037220203
0.6115473282460089
0.5920037169223453
0.5308020153229903
0.4741178147207024
0.4399896008418782
0.4027083174025707
0.3709539390917059
0.3328737011840461
0.2892955790941343
0.2441908194243969
0.2157581093256083
0.1928968270938522
0.1599629791977477
0.1264577996826559
0.1048819289924185
0.0798787270330606
0.0557423574497392
0.0372451746486114
0.0185158598254423
0.0073531445334227
0.0017310562686079
0.0000000000000000
0.0000000000000000
0.0012771834122291
0.0055842775224783
0.0165082012085435
0.0329584957723785
0.0455505584513839
0.0590907788467468
0.0828728072935585
0.1078742520913740
0.1325170833823783
0.1581001171843791
0.1983040535883267
0.2549658821819248
0.3107007959538936
0.3551328401394296
0.3888074368884737
0.4212002702920550
0.4459524258244919
0.4649966893948578
0.5057695089239318
0.5706597025605954
0.6266990609326569
0.6550527070415244
0.6665973823158856
0.6822462576663179
0.7187527670897991
0.7311573388297768
0.7377406879526044
0.7608713407930409
0.7721185401508778
0.7684163381414321
0.7562301861699928
0.7606794066022046
0.7639222820892320
0.7665828880418639
0.7693328035571964
0.7431609715130348
0.7339572474093026
0.7334844292390881
0.7279394514724742
0.6893813479992797
0.6436536853814880
0.6139889933294550
0.5891427742356021
0.5522385773627507
0.4920802146849897
0.4532062708955322
0.4200838824749637
0.3906266994288319
0.3604244168869546
0.3272927490571729
0.2815016591277266
0.2266944937013541
0.2006348173918878
0.1730758654603112
0.1465123586484388
0.1243785019145982
0.1013829662991788
0.0791902113684900
0.0560525270923064
0.0381763459651617
0.0191309059892604
0.0074759865176819
0.0017290652718172
0.0000000000000000
0.0000000000000000
0.0009076332260610
0.0028001513274741
0.0154860816382516
0.0384899209771878
0.0465913642749609
0.0605777852989866
0.0819637322092639
0.1069198886031980
0.1317246593066878
0.1570173326582119
0.1901738093964714
0.2169652181284260
0.2842772544687225
0.3453233268776782
0.3713689388831234
0.3970741315248698
0.4204901197272738
0.4452458416232944
0.4787991324877798
0.5075737512043146
0.5776910672445597
0.6301973278069422
0.6384923757018837
0.6480061445012044
0.6737482074188628
0.6962499771358269
0.7072912461046094
0.7225000967987167
0.7319638266516429
0.7341357407148825
0.7327692414036728
0.7316379400179110
0.7310030433356072
0.7309383891706227
0.7261837027336936
0.7132740176818678
0.7047972261815360
0.7005597500608097
0.6685068814218771
0.6248116183410340
0.6074169421108586
0.5816650095167906
0.5473473449059066
0.5072235734895422
0.4703241364220940
0.4349830111767292
0.3979446913925295
0.3715061358236939
0.3381538985442435
0.3121429482853679
0.2591473485485328
0.2011143057805891
0.1841539371827842
0.1584213617395070
0.1396952272849207
0.1228080938134816
0.0963978637715356
0.0758653501206073
0.0521731864493661
0.0358180971240977
0.0173456758734663
0.0068518836774727
0.0015383245740176
0.0000000000000000
0.0000000000000000
0.0007455621853778
0.0028109912615152
0.0139500012958370
0.0355447614259484
0.0454606394790433
0.0585042401624536
0.0809026674848563
0.1056942966781596
0.1311959093763721
0.1610189393501480
0.1810311830212752
0.2003601565293145
0.2635216779095265
0.3265873217600729
0.3518361889821298
0.3746017194358277
0.3936497703600318
0.4152549066986028
0.4449211044760652
0.4690473746793309
0.5206371186219386
0.5901112541637284
0.6118416968796918
0.6133339432359852
0.6153743037392022
0.6463667879883772
0.6673437211727347
0.6858461159270560
0.7005402418487465
0.7005622571240434
0.6973718585072936
0.6992188396765633
0.6990153032894892
0.6873647907376543
0.6700566055770900
0.6802549707309010
0.6878535482425356
0.6390930932718409
0.5903588385271377
0.5827632254081891
0.5730847252740299
0.5398591214032323
0.5078499183576384
0.4771092833415043
0.4419305559340944
0.4019448051186804
0.3677409348089970
0.3395067874075346
0.3071833637620017
0.2796027104728913
0.2331512041193569
0.1923520353506332
0.1721509509512516
0.1508996613840075
0.1322974013017146
0.1132731036374885
0.0883970553773318
0.0684471418752390
0.0461206969361225
0.0271993099759016
0.0143129874342354
0.0056486120682620
0.0014214826135718
0.0000000000000000
0.0000000000000000
0.0008171882010815
0.0034598197606721
0.0119237294594122
0.0266823036161536
0.0378832281911969
0.0495121426205065
0.0734399982916491
0.0981042109775052
0.1271267545341217
0.1651034599292186
0.1751442325959671
0.1901321876958140
0.2492203922270205
0.3114957812560257
0.3358971321709480
0.3585572936009637
0.3757865572714950
0.3942583300545043
0.4217001273667780
0.4440286220698450
0.4835946848988719
0.5188444645534935
0.5450561925112726
0.5648724860558908
0.5793472520824759
0.6001015325309150
0.6200595223664540
0.6369832871692005
0.6528308316565883
0.6617075954192569
0.6636650840414959
0.6638010566742274
0.6614362761339780
0.6555463252649257
0.6503552094860302
0.6465231179316667
0.6257478422871895
0.5800727677652547
0.5714607539660118
0.5592435355825317
0.5399041637547485
0.5116832965388010
0.4890216257513926
0.4594122631376902
0.4202975319049557
0.3808979839878012
0.3513012950666649
0.3231780172908226
0.2919392860016100
0.2654333412760295
0.2233568577457742
0.1868442747375777
0.1623517034876379
0.1416388963860161
0.1180704860944630
0.0970769586321850
0.0772881836771288
0.0597079641167382
0.0402462529715191
0.0230636454957587
0.0137399178266495
0.0055746296322141
0.0014964530785044
0.0000000000000000
0.0000000000000000
0.0009251830917120
0.0041184842354186
0.0090451082484554
0.0172157651987003
0.0318658772479490
0.0450580203052240
0.0637650409549038
0.0857083791973915
0.1197973823100321
0.1590030878004190
0.1671100366618954
0.1774457090007162
0.2374010725117416
0.2962559413494816
0.3204171245272409
0.3416007860576928
0.3545613195358636
0.3718877544382610
0.4061629827619160
0.4229727785204211
0.4337160032689066
0.4548469619328276
0.4815351924509771
0.5090554971525758
0.5287355845419635
0.5505562496078327
0.5757734561344169
0.5916819372023469
0.6087729285867819
0.6227907790061109
0.6286303274764982
0.6279184805339516
0.6250458205328331
0.6254076155227719
0.6225224557136103
0.6094442595333355
0.5669134914600040
0.5461534381527278
0.5398984643501470
0.5309363685574923
0.5115290922267540
0.4965021293166740
0.4775886345852124
0.4392063173902402
0.3988015913527789
0.3635379413307364
0.3352809065625139
0.3004080734890898
0.2717130339205199
0.2478205317563032
0.2093616866132636
0.1762579010932442
0.1512970489360767
0.1297048452106743
0.1056579267156255
0.0810682175730677
0.0653525484890685
0.0501046222350998
0.0352378847373796
0.0224754227645108
0.0137763438989412
0.0070164699299341
0.0016235964503906
0.0000000000000000
0.0000000000000000
0.0009136017577349
0.0042520900469571
0.0080393983104854
0.0123995321218765
0.0250859975126057
0.0403622693209633
0.0563420779534064
0.0744598528555865
0.1084849358549792
0.1504175518123744
0.1579911300611878
0.1647175214811828
0.2087274346098040
0.2570522733385624
0.2815477697452426
0.3137535503934454
0.3267081354865607
0.3380800108261243
0.3719839553346744
0.4047991853831363
0.4152128897748324
0.4321612717381105
0.4559743249261994
0.4825251052213244
0.5022644314576301
0.5178165717246481
0.5342746446048611
0.5453699297906192
0.5592971148674835
0.5727444288813359
0.5819785956142829
0.5917538423608695
0.5947266826100894
0.5928559151413058
0.5793161590416752
0.5618925898545762
0.5364923869644965
0.5175250387536989
0.5092935229375728
0.4994484727162154
0.4769062446914304
0.4626951415533797
0.4214509604040391
0.3707658783674220
0.3509353994946235
0.3253525450917343
0.3004958687728485
0.2691978163829505
0.2521104461847514
0.2311772333614059
0.1944979964915566
0.1623697643744705
0.1356994241200075
0.1157950077656769
0.0942854894412302
0.0725424931294588
0.0610333388939527
0.0469211865195212
0.0339110273330886
0.0224116940263874
0.0137090308963706
0.0081948806694988
0.0017286327703061
0.0000000000000000
0.0000000000000000
0.0007999097111912
0.0032954244289032
0.0070853319437970
0.0117453284121751
0.0200987208902122
0.0303688556496141
0.0489613929163544
0.0669575051156141
0.0927489280484741
0.1347135303724745
0.1507706773839251
0.1601516095673415
0.1725403729228872
0.1968563795513862
0.2429167187860872
0.2815705900424944
0.3004111431920886
0.3122485059440836
0.3328925563718950
0.3721619263188939
0.3913099235213023
0.4074048305538340
0.4252230931915216
0.4516077083051124
0.4837001436961846
0.4922386102279521
0.4960388000144438
0.4997899172574333
0.5047862892179387
0.5200072464999688
0.5336742707697670
0.5535872063283533
0.5727350066909088
0.5642248496630677
0.5413518338664378
0.5117555125945212
0.4832644342511286
0.4865640383545735
0.4884514387657911
0.4629291123386143
0.4309430662919056
0.4132265594071525
0.3643496049734606
0.3178952168989234
0.3029495297639786
0.2912941880932713
0.2733281080807394
0.2474580580219913
0.2328168470384281
0.2169643041350163
0.1821114198795577
0.1378660043531963
0.1173267127701356
0.1006841172570816
0.0844483350128596
0.0710549249407801
0.0585743156399513
0.0458477868751841
0.0330112934788440
0.0218330558006256
0.0133064892881685
0.0067330954160374
0.0015094467208246
0.0000000000000000
0.0000000000000000
0.0007851051396302
0.0029313501825853
0.0067737420061518
0.0117286749790665
0.0189546062129270
0.0267440430367059
0.0443689932528742
0.0619514398096155
0.0830941205502693
0.1045241243486932
0.1292401261563867
0.1539582923010226
0.1643347943668209
0.1789729736460469
0.2169703770956389
0.2496443999913526
0.2695771184721838
0.2895924124665267
0.3131391727487995
0.3424464436516517
0.3629555071378502
0.3810686899621130
0.3951740098009506
0.4047498783556100
0.4275655554067401
0.4404447346589805
0.4486325616829324
0.4648472886106206
0.4769636729098859
0.4896767436926385
0.4975810868511247
0.5001891000140075
0.4941523516547604
0.4755392580981140
0.4553887240012047
0.4313706653902710
0.4188265080788704
0.4120269326881820
0.4054246965734258
0.3904331399767877
0.3819859918531651
0.3692187974422169
0.3321676737773158
0.2892051527397075
0.2762907840350770
0.2659225561307715
0.2465732648349923
0.2233610533533154
0.2072311028600112
0.1932525490872733
0.1558951319557997
0.1192568002080179
0.1082033242666914
0.0931220901917516
0.0789482595725952
0.0692317260536326
0.0552313229162126
0.0441805524983849
0.0305475288591552
0.0195893066596979
0.0112710515058102
0.0044220591130517
0.0013219383563577
0.0000000000000000
0.0000000000000000
0.0007757342642439
0.0034150239098309
0.0067253093787905
0.0110577023956925
0.0180457397682403
0.0262259223250333
0.0408307160751039
0.0572316919157474
0.0703638158751690
0.0866931447784920
0.1085238607538024
0.1361106206037434
0.1513133530793233
0.1644640079352840
0.1950054036354643
0.2229852556123211
0.2391150646475213
0.2593586237047801
0.2830325986857516
0.3110482004302879
0.3393251964564357
0.3551238318447882
0.3634289163269785
0.3677826474101952
0.3736728420340260
0.3826450733468507
0.3896248365508019
0.4162785798177866
0.4527371178594307
0.4620682545153992
0.4630382447486301
0.4521296158906087
0.4150503876114696
0.3881038635395590
0.3695154510687556
0.3522829364581418
0.3423795118087198
0.3327400284157103
0.3225478055351294
0.3276023418340991
0.3304876688423701
0.3262477820242091
0.3014703318046884
0.2566040100874136
0.2450909598348022
0.2384361977984911
0.2241684005533676
0.2028233670845286
0.1868039303258337
0.1535833196866593
0.1279163144314366
0.1145000610871343
0.1018224259740362
0.0837883728359317
0.0712646514567361
0.0610311590305756
0.0494770847492562
0.0416315818989210
0.0279276386316878
0.0156759977262804
0.0098821928630043
0.0051911552820959
0.0012210758494999
0.0000000000000000
0.0000000000000000
0.0007675941980689
0.0044734809442581
0.0064391470830027
0.0100918031816821
0.0168071524521461
0.0256329618755890
0.0379123990467761
0.0538514926760899
0.0647239639097654
0.0799351483263254
0.1010628149392499
0.1237830129376426
0.1392678969495221
0.1513046705947600
0.1765015824927085
0.2042760045826882
0.2199926761699194
0.2392379835023506
0.2612218980320749
0.2793113675946349
0.3032234152036582
0.3183465800465381
0.3243855403345289
0.3290893323813616
0.3375248038897872
0.3461369911912697
0.3511277815788145
0.3554865933583888
0.3696701755453723
0.3764952551205653
0.3764068038526145
0.3693788275322034
0.3549882594412649
0.3362685830932271
0.3249160750642826
0.3123235394748740
0.3045316068795892
0.2979346280955968
0.2935189847727809
0.2925526506352614
0.2867821344713508
0.2816322150809317
0.2437761392567808
0.2099670251162637
0.2028521307869121
0.1970555310676574
0.1824846992941484
0.1666509457610497
0.1523875504583347
0.1285778559596137
0.1193266079448357
0.1104003120768089
0.0899428156827067
0.0702164114317269
0.0622449184620361
0.0529464374526302
0.0440472124878588
0.0379723386495353
0.0244373862851102
0.0133882830536111
0.0094093847657255
0.0062390801805718
0.0012377864952818
0.0000000000000000
0.0000000000000000
0.0006043640303149
0.0029503347000398
0.0057987813301455
0.0096377112071960
0.0151539082760917
0.0224008810603899
0.0342842536398751
0.0480797838340954
0.0569115282659202
0.0689139182073927
0.0953421863624119
0.1168068478156997
0.1301021732265016
0.1407766548903336
0.1539628692675546
0.1780673990422133
0.2002149492271064
0.2191302448119500
0.2421179016409810
0.2577410079840824
0.2765321454958642
0.2839716601927813
0.2856478792553073
0.2897354228307605
0.2970748509437187
0.3074224616254883
0.3105404854931665
0.3040816533561629
0.2906358084575559
0.2947152079586347
0.3012180614389849
0.2979826627189632
0.2915200697850223
0.2860170882787701
0.2809900307895442
0.2728466916373340
0.2668555743816335
0.2602479496724296
0.2545879130462319
0.2586877380797031
0.2635921618128848
0.2144541740441058
0.1763421847429235
0.1671966634119689
0.1628651998785117
0.1533565677185990
0.1399648956350975
0.1360622566800271
0.1291379649326335
0.1141895516773953
0.1074117739565619
0.0996005662812222
0.0794062546420144
0.0625294653883466
0.0550156781709938
0.0447261782668715
0.0370110584864299
0.0296950624695527
0.0205815350461612
0.0143556196809727
0.0089266588366839
0.0048984962600914
0.0010507453590386
0.0000000000000000
0.0000000000000000
0.0005409906158233
0.0020514714421093
0.0047647803414323
0.0089165504218259
0.0138738480020050
0.0201838746028306
0.0310876584291470
0.0427368092213620
0.0496184715005732
0.0542359142784963
0.0758452406593994
0.0977136011720431
0.1088443493548625
0.1265571122923090
0.1380754466855638
0.1505229003707099
0.1655733964363846
0.1767286360880833
0.1941940300635107
0.2096165378734781
0.2292399255511442
0.2496366942279246
0.2546375925288176
0.2601139712669299
0.2681453956501432
0.2753935375771658
0.2761288891168328
0.2721378934932336
0.2657953240624316
0.2620286047790956
0.2597233547344727
0.2567302095281327
0.2533017440731566
0.2504993015712746
0.2472977869900127
0.2415302282031873
0.2355961327963589
0.2287047313896313
0.2211042999308702
0.2172985440630316
0.2002348890619427
0.1701811856443668
0.1630383217986230
0.1517771785559431
0.1441064577000678
0.1366724433126257
0.1285099091987144
0.1226077827085287
0.1092481660106755
0.0948347217101412
0.0874821179147324
0.0806358983216522
0.0655595155289343
0.0518070057583724
0.0445316777586298
0.0361143319360909
0.0312125121907362
0.0249324744231702
0.0188344874939990
0.0145598637322591
0.0077638016329194
0.0033494708368089
0.0008947851997774
0.0000000000000000
0.0000000000000000
0.0004435736218253
0.0017733979606001
0.0036209877312290
0.0066118021065149
0.0128068110650985
0.0192590932656648
0.0283728388873266
0.0383575704584931
0.0431733014817714
0.0474015028696776
0.0588251968860617
0.0750489513084446
0.0857099343706666
0.1026922196390009
0.1243163443737198
0.1313282228476011
0.1350037394259236
0.1410667269568537
0.1516878332475173
0.1641687364358318
0.1814135230792905
0.2125983488005572
0.2261261885851061
0.2314620376477005
0.2368121253670678
0.2472066191726584
0.2515057112381039
0.2424976198374081
0.2336993906404482
0.2282646601754830
0.2217418946771973
0.2166732949527543
0.2128990052493047
0.2156000177222873
0.2190487319042948
0.2131864828658201
0.2072134575967818
0.1974442105501504
0.1866924036541734
0.1715804057193145
0.1491265933847665
0.1470827332246897
0.1456466764549620
0.1351076517576096
0.1273070444563619
0.1202379562368351
0.1129431139575939
0.1076143812637525
0.0932892987460285
0.0756179757022016
0.0692555026969612
0.0629286363462145
0.0512273298735042
0.0423052813152813
0.0363958091904066
0.0310674075171603
0.0269201746903592
0.0214272726100618
0.0163483045619609
0.0116855528742113
0.0062936104727912
0.0029331558834907
0.0007425040217354
0.0000000000000000
0.0000000000000000
0.0003526758420233
0.0015410036844080
0.0028885389356394
0.0042402582166049
0.0099570861074407
0.0173656887682050
0.0243182035435899
0.0335565143204330
0.0376320852103202
0.0428331080611135
0.0534402088184895
0.0668131137378487
0.0759711154371017
0.0830457757980991
0.0985914435369422
0.1083436678351965
0.1118021150341175
0.1160293883336023
0.1247609636913272
0.1376564526275738
0.1548846197775072
0.1732132474782689
0.1851235822626655
0.1946321391975917
0.2035285602894428
0.2104557581696732
0.2128873151723282
0.2092490201871568
0.2065494006695852
0.2039901597046471
0.1991800877005418
0.1928447050442411
0.1873446664599684
0.1854922422804683
0.1827759079087846
0.1762618262597488
0.1705192726078314
0.1640815893025567
0.1574555840824485
0.1479628479580381
0.1386817850901099
0.1315297431401184
0.1223713211187017
0.1134091696902193
0.1085185035789981
0.1032305217805311
0.0970304563940942
0.0917477475617240
0.0767944145285411
0.0635955034724557
0.0594060336758591
0.0539843792410854
0.0443584743516199
0.0363667748983809
0.0305637821562789
0.0259582255690363
0.0213079104777720
0.0165754984082946
0.0126371531264375
0.0087017345178574
0.0054560456766337
0.0027537998667570
0.0006997097571052
0.0000000000000000
0.0000000000000000
0.0002491207175241
0.0010789237568610
0.0023215500307431
0.0037070089983597
0.0077202202337395
0.0135156578792845
0.0200518749256154
0.0281174227011928
0.0323917306479240
0.0369975001872759
0.0463118584216573
0.0580509263805949
0.0672923213326157
0.0727291740217287
0.0828461372943441
0.0876020542268462
0.0892162227127655
0.0921144951314577
0.0966101279354800
0.1067453466579019
0.1308868924845357
0.1424255067549786
0.1491198874935600
0.1601876145117980
0.1730665898739172
0.1809427675748733
0.1857006917160086
0.1801589346067512
0.1778139320594370
0.1810203905489138
0.1852183785619673
0.1662344273988035
0.1567826555190862
0.1567619873048204
0.1586076588810617
0.1427469854747188
0.1364695156248139
0.1354197992335388
0.1335783979875676
0.1289086185403602
0.1225801533281097
0.1135984093203754
0.1019223619667544
0.0942390212480442
0.0905455942807976
0.0881425554283636
0.0839162958198492
0.0724085170614786
0.0592573209853063
0.0547152863408541
0.0516616371424687
0.0457284096526035
0.0370563817679522
0.0293126344905815
0.0245908829325547
0.0211288294200958
0.0170280136717914
0.0127253067257501
0.0096178991393805
0.0068831281687452
0.0045563399259083
0.0028074429882528
0.0006600524921925
0.0000000000000000
0.0000000000000000
0.0001746208066059
0.0006994302028648
0.0018514347697677
0.0033984883434250
0.0063962830959302
0.0108800046343959
0.0167026827888489
0.0233571122880818
0.0270101188984766
0.0304310973121116
0.0368746360071278
0.0420213898508746
0.0471929304147076
0.0512777973526925
0.0598486019091973
0.0709583239301871
0.0742295873088256
0.0798692499795657
0.0840507251951610
0.0869433658485789
0.0952024395858613
0.1017894545479542
0.1064848277210069
0.1132208601638853
0.1234243664681951
0.1311767326649027
0.1396101361227218
0.1486908181415781
0.1480893623019930
0.1478153724829668
0.1390872787800319
0.1320877454714093
0.1308048699589140
0.1300640180199562
0.1235156911931882
0.1145815251339737
0.1127904479680125
0.1108392699496127
0.1066422171876420
0.1013788775695246
0.0931670392642826
0.0860170374638525
0.0804712623398661
0.0762917436037745
0.0732333767062886
0.0699668242877619
0.0625460226202667
0.0558244156967607
0.0517655690714905
0.0472947147384078
0.0420801525815696
0.0366738689240801
0.0305776074543951
0.0243384028700791
0.0208599622941419
0.0178320705355604
0.0138579306624099
0.0102071504225836
0.0077536343113202
0.0055673050997127
0.0036359897777237
0.0026487408460137
0.0004673509753191
0.0000000000000000
0.0000000000000000
0.0001147240963244
0.0004672352765521
0.0015753653482156
0.0031184801691908
0.0045824269396387
0.0070661425629151
0.0141740425578265
0.0196000487333837
0.0221046751145021
0.0247483622138997
0.0293900099782717
0.0301998560211128
0.0302394750671335
0.0310324925771117
0.0336720274444683
0.0479596163892224
0.0615548175142358
0.0685274506282673
0.0732896847163712
0.0698281414560958
0.0622976587409891
0.0641447809424414
0.0662521438398376
0.0714554437399267
0.0846651867841697
0.0867440734794662
0.0903269370977451
0.1177931863670846
0.1288601500661943
0.1085670857795217
0.0863335418415738
0.0990745750245263
0.1080917983937965
0.1029501834702776
0.0877760463462901
0.0888093292757919
0.0895279775426381
0.0886503446024511
0.0849693352422825
0.0741795303469634
0.0650117149524905
0.0598243500190602
0.0567050723205498
0.0591485219761650
0.0610937566038812
0.0503199768810380
0.0421784562486959
0.0425628159932868
0.0439273134046105
0.0388936380713798
0.0332917436630898
0.0292439538414475
0.0246841448538277
0.0199580454089988
0.0171985749914953
0.0140808899988473
0.0106957347498697
0.0080945067867940
0.0061384915618981
0.0041157113142942
0.0026171024829912
0.0013821561405252
0.0002690147271202
0.0000000000000000
0.0000000000000000
0.0000784311270144
0.0002620674489215
0.0011146019673695
0.0027332999462301
0.0035571747998552
0.0043551090914926
0.0082042312981624
0.0120996364970194
0.0135157462201758
0.0150609103441776
0.0177199088270054
0.0204025067032284
0.0216960707079243
0.0239397945800143
0.0270790488903814
0.0309077046924517
0.0385987461222344
0.0422952822876572
0.0431547745869282
0.0429731835992227
0.0441658918727968
0.0474210057846833
0.0487253446674961
0.0499241121117216
0.0504835772678663
0.0525293837609383
0.0562781118115549
0.0603513377416906
0.0664903432197935
0.0686858964101911
0.0698291285527174
0.0709875367824406
0.0716625320588001
0.0694919468622332
0.0671677162475073
0.0662565617122940
0.0657376897741173
0.0641699685176567
0.0588824205083187
0.0527873854089289
0.0494636189384989
0.0463012734475709
0.0444048318217884
0.0432290273554510
0.0402300348639293
0.0352506240239588
0.0331593177428858
0.0313501560704530
0.0273274330980296
0.0235957726908567
0.0207171461070552
0.0178425604866175
0.0144678036621256
0.0118235319096223
0.0103803116530580
0.0088761962764550
0.0073760053225627
0.0056668231586643
0.0041773555446592
0.0028130077931268
0.0018527189835890
0.0008712887170315
0.0002212964340800
0.0000000000000000
0.0000000000000000
0.0000613887733441
0.0002407069916215
0.0006195716860364
0.0016418576951146
0.0028352931764742
0.0031617500767063
0.0035392883020419
0.0055449314953713
0.0074396372878774
0.0078964998471304
0.0086327774769717
0.0116922035084529
0.0139111149594624
0.0161760591050037
0.0179918028976711
0.0203978599723354
0.0265476043510833
0.0227872279140072
0.0205748525919025
0.0221975427009864
0.0248468429039440
0.0311457476604781
0.0374091340034850
0.0300608571783816
0.0232243793139532
0.0241644852609786
0.0267756513836196
0.0248365042169747
0.0248995499018282
0.0368088742610176
0.0523494645977415
0.0497624563965307
0.0441568686917841
0.0431734682518916
0.0432712515725859
0.0462147096240332
0.0480487198365867
0.0432849569468302
0.0374682634036199
0.0357929691809961
0.0347234340145188
0.0335492408075034
0.0322671838051643
0.0293056781653562
0.0249934833596343
0.0250191246996444
0.0244699570454621
0.0194976331397728
0.0137110082802661
0.0123970206006038
0.0111885715447396
0.0082959561245009
0.0063463509666388
0.0055870792880121
0.0052164437996362
0.0052278589584296
0.0050195592922098
0.0034114632996530
0.0025058997370266
0.0020976612376627
0.0014964445030807
0.0006070490619856
0.0001480593579969
0.0000000000000000
0.0000000000000000
0.0000438442998473
0.0002136531943186
0.0003812689303990
0.0005628167764110
0.0011422321723678
0.0018657241127687
0.0023078849286017
0.0028795206562055
0.0034426520515973
0.0038755937615170
0.0046578072200445
0.0062221469962480
0.0077145568392298
0.0091516034898998
0.0098066817418308
0.0102508346143530
0.0121098333695494
0.0148085261099708
0.0152167747517024
0.0157122114583787
0.0159218486224892
0.0161563039401955
0.0170197519812318
0.0173085987902236
0.0167878964707519
0.0161312144781142
0.0153920060661651
0.0161581735476970
0.0181636147405631
0.0204595003978828
0.0270965679198643
0.0286313646955741
0.0266046949454106
0.0239552409967214
0.0215989802122517
0.0217419888804720
0.0232376380515790
0.0250610562082228
0.0256271941724146
0.0254871143557489
0.0246396722995064
0.0234233723694847
0.0221038774439438
0.0208939758206891
0.0193277365203514
0.0174432881136794
0.0147257620759564
0.0117396467193277
0.0099898834398334
0.0085575475844728
0.0068324740860441
0.0051798740727038
0.0042747829477228
0.0036119243411879
0.0032256416486515
0.0030032340015011
0.0024438418670948
0.0017451626745606
0.0014476297561631
0.0012476384881982
0.0005682300507794
0.0001428030057370
0.0000495798346921
0.0000000000000000
0.0000000000000000
0.0000251906608846
0.0001077983085864
0.0001671146582673
0.0001849890341942
0.0002227298860375
0.0005827367598274
0.0013386393695130
0.0012968402912159
0.0011627558938976
0.0011279126076456
0.0012412569226635
0.0020930411221093
0.0039454441868311
0.0043310756676012
0.0042236564504242
0.0035878979441569
0.0029488417372407
0.0072570523578982
0.0119197988026341
0.0103627869369746
0.0084408598036398
0.0063750670209904
0.0046990374389161
0.0084396180344347
0.0124595655572310
0.0086439151586815
0.0062471237399785
0.0079611117712416
0.0104811234167717
0.0118552266530409
0.0153349860620776
0.0160992972977470
0.0145468043915159
0.0084254066111717
0.0054655353295747
0.0058046731941890
0.0074958925367312
0.0116505235772864
0.0172095678671785
0.0175225725477400
0.0167364088547813
0.0149463636213906
0.0134358512677922
0.0142328910679839
0.0151658994944247
0.0111155306229051
0.0078829900585943
0.0066583640930966
0.0059361473179184
0.0051382445782050
0.0039585350150941
0.0028710423670507
0.0023394499369806
0.0018820113177345
0.0015683864686592
0.0013777708140434
0.0009968932195751
0.0007657929202328
0.0006469686496610
0.0003885577818229
0.0000870215150173
0.0000256043699234
0.0000079024062158
0.0000000000000000
0.0000000000000000
0.0000079125326632
0.0000263026208902
0.0000372732632499
0.0000492200155648
0.0000734859495324
0.0000990922423492
0.0002100228516623
0.0002877906505783
0.0002938279902995
0.0003013167622014
0.0003617726838115
0.0004521612834409
0.0007727393381544
0.0009884525510864
0.0009731747468705
0.0009087406858356
0.0010719472742540
0.0011851385520095
0.0020681735253810
0.0022063403768500
0.0019876888549773
0.0015670188295096
0.0015689375034195
0.0015930861291702
0.0021007478964094
0.0018453301435654
0.0018745815110158
0.0019589229229919
0.0024197192534801
0.0027182358493837
0.0032329239337535
0.0034593857218163
0.0029517169901278
0.0018732952171496
0.0016264736854384
0.0015569659232918
0.0019865277456315
0.0024313499920560
0.0035347930010475
0.0040419642266777
0.0039391112631408
0.0036295149679205
0.0034873641789521
0.0033840681447493
0.0030513843577547
0.0023374314645451
0.0020502132822329
0.0016608056565071
0.0014326949845299
0.0012406699814621
0.0009393022653400
0.0006889650165859
0.0005738381985748
0.0004667286393893
0.0003971655447747
0.0003381555514166
0.0002375777424321
0.0001753642220763
0.0001371914021117
0.0000785796219055
0.0000325439162622
0.0000080959839146
0.0000020092002409
0.0000000000000000
0.0000000000000000
0.0000000000000000
0.0000000000000000
0.0000000000000000
0.0000000000000000
0.0000000000000000
0.0000000000000000
0.0000000000000000
0.0000000000000000
0.0000000000000000
0.0000000000000000
0.0000000000000000
0.0000000000000000
0.0000000000000000
0.0000000000000000
0.0000000000000000
0.0000000000000000
0.0000000000000000
0.0000000000000000
0.0000000000000000
0.0000000000000000
0.0000000000000000
0.0000000000000000
0.0000000000000000
0.0000000000000000
0.0000000000000000
0.0000000000000000
0.0000000000000000
0.0000000000000000
0.0000000000000000
0.0000000000000000
0.0000000000000000
0.0000000000000000
0.0000000000000000
0.0000000000000000
0.0000000000000000
0.0000000000000000
0.0000000000000000
0.0000000000000000
0.0000000000000000
0.0000000000000000
0.0000000000000000
0.0000000000000000
0.0000000000000000
0.0000000000000000
0.0000000000000000
0.0000000000000000
0.0000000000000000
0.0000000000000000
0.0000000000000000
0.0000000000000000
0.0000000000000000
0.0000000000000000
0.0000000000000000
0.0000000000000000
0.0000000000000000
0.0000000000000000
0.0000000000000000
0.0000000000000000
0.0000000000000000
0.0000000000000000
0.0000000000000000
0.0000000000000000
0.0000000000000000
0.0000000000000000
